-39.93994
-52.20588
-65.15679
-72.65625
-52.05479
-77.49196
-45.12195
-58.33333
-56.52174
-66.66667
-28.80259
-51.45631
-76.74419
-47.36842
-10.49383
-70.49180
-65.18987
-77.61194
-18.12865
-38.40580
-52.75591
-14.59075
-55.22388
8.39161
-51.36778
-25.80645
-60.12270
-56.52174
-56.22896
-75.23220
1.63934
-19.11765
1.04530
-25.79505
-41.37931
-50.17794
-67.74194
-13.73802
-63.76812
-18.21561
-11.76471
5.44218
-21.93309
1.75439
-52.20588
-39.68254
-26.47059
-60.78431
-52.53165
-76.58863
-43.52159
-33.33333
-62.38245
32.40418
-59.10781
-13.97849
-49.09091
-75.15528
3.84615
-58.80150
-25.71429
-26.47059
-64.91228
-8.16327
-63.09963
-52.66272
-49.32432
0.37175
-0.00000
-33.79791
-57.09571
-29.26045
-60.96096
-11.47541
72.13115
-36.09023
34.27562
-30.46358
-52.72727
-54.86111
-54.83871
-10.00000
-46.42857
-13.19444
-35.18519
-6.36704
5.26316
118.51852
26.81159
-12.58741
17.43772
-12.90323
-19.00312
-1.89873
-67.24788
97.13262
48.40989
-17.68293
11.48649
-73.45133
-26.25369
13.26861
64.12214
-49.15254
22.37762
1.26582
124.19929
3.12500
11.46497
-33.75394
70.06803
-25.00000
-44.00000
-40.29851
24.56747
5.09554
76.69173
68.42105
3.32103
13.33333
74.91749
42.38411
-25.56634
-40.55944
176.22378
10.74919
180.40541
5.61056
37.07165
122.61484
40.28777
26.12613
14.98258
23.02839
136.73469
-2.09790
-27.08333
-15.30945
-53.94737
0.74627
-7.93651
52.17391
73.13433
17.24138
54.83871
47.60148
61.07383
251.85185
69.38111
43.41085
114.55939
109.12548
134.43223
107.54717
123.77622
56.86275
111.80556
100.65789
29.27757
179.24528
-15.82492
14.75410
46.52015
-92.35942
29.96390
25.39185
-8.19672
59.76331
145.50898
64.23358
106.18557
53.12500
51.20275
-5.84416
70.13889
206.04982
50.19763
12.31884
89.47368
-60.00000
80.45113
47.90997
133.10811
176.51515
201.75439
72.41379
42.37288
27.65957
66.10169
110.68249
164.62396
102.65781
141.75824
113.59223
80.98160
506.29921
103.82166
302.29885
101.27796
126.27737
138.59649
275.42662
183.18584
94.75655
122.97297
110.00000
273.58491
166.88103
129.39068
-41.81818
10.06289
148.36601
203.03030
82.96530
64.98316
90.32258
165.62500
227.46479
67.88321
114.52145
40.35088
162.79863
42.29249
97.95222
-38.14433
-19.11765
-46.03175
-7.40741
54.09836
4.76190
-16.37631
219.86532
188.65979
160.86957
159.86842
111.07266
348.90511
285.82677
174.50980
199.03537
235.71429
361.77370
396.52778
145.67474
353.02013
138.80597
181.69014
254.16667
279.87013
335.48387
485.71429
396.52778
372.65625
427.97203
359.45946
362.40602
353.57143
353.02013
156.71642
346.66667
298.40637
306.83230
292.02658
612.00000
320.71197
247.68212
534.75177
313.79310
370.03155
189.30818
84.43804
428.77698
229.44606
394.84536
365.70397
49.63504
-47.92334
551.24555
284.61538
620.00000
543.83562
324.46043
415.46392
305.57276
486.33094
266.55949
306.25000
408.59107
362.29508
609.03010
536.92308
330.26706
556.25000
479.15058
567.80822
414.65798
433.76206
356.74740
365.75342
570.00000
415.15152
359.18367
320.38217
477.61733
381.81818
392.83668
690.61372
278.73754
215.61462
749.52978
371.42857
392.80576
690.54054
559.50920
530.59701
744.35798
590.19608
723.72881
605.50162
451.09489
238.02817
521.87500
332.17666
455.55556
517.44966
601.25786
645.17375
342.95302
544.65409
665.38462
210.45752
616.21622
746.42857
744.52297
675.57756
677.77778
401.69492
431.69014
545.39007
736.80556
538.98917
861.16505
841.58076
771.18644
515.63518
742.27129
455.18395
820.68966
552.01465
581.81818
562.83525
525.00000
723.72881
687.40157
810.00000
521.81818
536.36364
754.36893
255.76923
629.24188
491.90031
788.88889
519.71831
857.59717
396.03175
400.00000
853.02013
834.25606
523.49398
778.69822
834.69388
317.68293
837.28223
809.09091
528.15884
684.61538
704.12371
682.60870
590.14085
354.54545
835.48387
652.84091
766.24204
780.13699
786.86131
801.63934
814.96599
760.31746
656.41026
467.01031
662.71186
619.47195
663.40694
409.22509
677.77778
378.11448
878.33935
864.28571
873.18008
892.00000
809.09091
