6.71937
-80.13245
-12.28070
7.40741
25.00000
-59.73154
-40.14085
-42.56757
-132.19505
-14.38356
-49.45848
-48.14815
-68.15287
-45.94595
9.43396
-47.71242
-57.14286
-34.69388
-40.95941
-69.35933
-16.12903
-46.56489
-26.31579
-72.39264
-16.00000
4.86891
-44.80519
-25.56634
-65.27778
-14.28571
-67.97153
-41.60584
-28.35821
-37.29373
-74.26471
-33.59375
-79.09408
-70.80292
-71.75141
-20.86331
-88.37692
-55.88235
-17.91045
-38.98305
-56.14035
-47.55245
-76.35135
2.31023
-79.79798
-44.44444
-46.30872
-7.64331
-42.17687
-73.88060
-41.78082
-95.69581
-52.53165
-43.18182
-38.11075
-20.68966
-56.52174
-56.98925
-36.84211
-59.11950
-72.11155
-15.44118
-48.55305
-67.10526
-62.50000
-66.88742
1.21457
-26.07004
-44.95413
-65.63574
-53.30739
-82.39437
-75.52448
-53.06859
20.14134
-19.11765
-70.87379
-145.47216
-40.59406
-32.83582
-27.08333
-4.15335
-55.78231
-27.21519
-42.85714
-43.89439
-22.07792
-55.01730
-54.24837
-72.65625
-47.18310
-50.35461
-58.62069
-25.92593
-141.45813
-30.69307
2.89389
-57.69231
-62.61682
-20.26578
-26.42140
-44.26230
-10.29900
-63.76812
16.88312
-39.57704
-73.78277
-114.17668
-56.52174
-54.54545
-25.19685
-81.88406
-55.97484
-54.12844
-105.88070
13.79310
-79.02098
-32.53968
-77.12418
-36.39576
38.29787
-32.55132
-36.09023
-69.13580
-4.29043
-22.83951
-24.83660
-78.79859
-83.66013
-37.50000
-20.68966
-80.70740
-73.60704
-67.27273
-54.71698
-55.71956
-67.42671
-62.36559
-104.23895
-159.57037
-54.54545
-86.20690
-41.74757
-22.03390
-78.59327
-56.20438
-58.18815
9.92908
-161.32597
-65.25097
-73.97770
-5.95611
-41.17647
-54.09836
4.37710
-73.06397
-134.09647
-50.94340
-56.66667
-58.33333
-80.83067
-77.94118
-36.45485
-70.03745
-36.66667
-58.01527
-82.39437
14.69534
-69.28328
-61.29032
-67.15328
-68.75000
-54.70383
-67.34694
-80.19802
-56.52174
-20.86331
-83.10811
-51.72414
-55.71956
-43.52159
-125.89744
-44.07895
-68.96552
-47.36842
-63.23529
-69.81132
-59.75232
-56.08108
-147.37059
-36.10224
-70.68404
-48.45361
-59.18367
-71.32616
-71.92982
-48.80546
-54.09836
-71.53025
-17.52577
-67.50903
-63.57616
-110.04735
-16.66667
-72.78912
-82.81787
-2.87770
-117.73165
-58.19936
-82.26950
-64.15771
-82.14286
-82.07885
-42.76094
-20.00000
-48.17073
-68.50394
-69.79866
-79.66102
-73.06397
-56.98925
-64.91228
-78.64769
-51.21951
-36.78161
-45.20548
-77.63578
-79.45205
-4.16667
-116.76757
-54.69256
-148.21417
-26.82927
-60.00000
28.81356
-69.17808
-57.05521
-16.36364
-47.19472
-47.52187
-141.61566
33.95639
-81.48148
-60.00000
11.11111
-73.94137
-65.51724
-25.31120
-16.98113
-77.44361
-47.54098
-47.01987
-15.49296
-22.13115
-88.80548
-31.27148
-14.08935
-139.72597
-73.42193
-60.65574
-68.96552
-49.36709
-56.08108
-56.81063
-35.11450
-61.07784
-67.07819
-153.19130
-72.69625
-16.94352
-61.80556
-65.03497
-6.35452
-16.08392
-77.85978
-135.04419
-82.63889
-79.67480
-83.33333
-0.66225
-45.76271
-135.50169
-61.13074
-68.64111
-70.68404
-154.04737
-129.15896
-72.22222
-43.66197
-34.85342
-153.45621
-66.78967
-63.07692
-58.33333
-66.03774
-69.69697
-76.43098
-67.39130
-64.15771
-55.47945
-75.30864
-42.65233
-129.06102
-83.33333
-82.20641
-55.63140
-68.85813
-68.30986
-62.96296
-24.18773
-64.42688
-56.08108
-76.43098
-61.80556
-83.16498
-75.68389
-53.41615
-51.38889
-60.91205
-30.00000
22.80702
-60.00000
-51.38889
-47.36842
-63.21070
-37.08609
-150.07826
-81.48148
-159.75936
41.93548
-77.01149
-70.77922
-51.72414
-77.52809
-78.65854
-59.04437
-75.23220
-130.60850
-23.56688
-55.71956
-77.94118
-83.60656
-86.25430
-61.07784
-85.81560
-75.51020
-22.80702
-82.57840
-74.68354
-167.73935
-79.09408
-76.89769
-73.15436
-75.77855
-67.85714
-44.62541
-86.57718
-79.04192
-55.22388
-78.79859
-69.49153
-71.22302
-32.72171
-55.35714
-35.71429
-54.70383
6.76157
-24.30279
-19.35484
-66.25767
-72.12544
-71.63121
-29.82456
-79.31034
-59.73154
-65.03497
-6.97674
-34.64052
19.56522
38.21138
41.73228
-74.76341
-80.06645
-35.74297
-30.23256
-21.76871
11.52416
-66.96697
-170.51834
-84.17722
-40.35088
-75.00000
-81.48148
-55.78231
-55.12821
-76.27119
-54.70383
-70.96774
-23.07692
-63.09963
-81.48148
-55.75221
-36.61972
-86.44068
-73.85621
-82.69896
-77.77778
-55.17241
-62.61682
11.51079
-72.39264
-62.83784
-84.66258
-65.77947
-7.34824
-50.87719
-79.16667
-82.57840
-163.68742
-66.32997
-45.31250
-82.63889
-50.49505
-17.76316
-40.00000
2.94118
-78.64769
-79.52218
-37.30408
11.11111
-72.31834
-76.02740
-48.55305
-136.53519
-68.42105
-76.74419
-64.80938
-17.43119
-79.59184
-40.19934
-16.08392
-26.66667
-28.31541
-121.53871
18.88112
0.69444
-11.56463
-56.52174
-82.63889
-52.89855
-47.88274
-61.13074
-37.71626
-70.00000
-65.98639
-34.70790
-21.34831
-36.45485
-15.70881
-55.01730
-67.35905
-75.43860
-140.66812
-69.17808
-68.12749
-61.26761
-71.73145
-80.70740
-61.38996
-51.21951
-67.85714
-65.25097
-66.80498
-70.96774
-75.07788
-18.21561
-77.41935
-64.63023
-98.38503
-32.90735
-132.51818
-74.26471
-83.97436
-47.71242
-46.80851
-68.08511
-70.96774
-52.66272
-70.03745
-70.90909
-75.38462
-24.13793
-69.51220
-75.43860
-70.19868
-68.30986
-44.80519
-78.02198
-73.85621
-47.88274
-71.15385
-64.70588
-64.63023
-71.42857
-38.27160
-68.08511
-62.06897
-5.66038
-82.36776
-78.64769
-76.82119
-64.63023
-64.84375
-70.00000
-76.89769
-62.68657
-73.50993
-77.19870
-45.20548
-80.89172
-38.46154
-62.82528
-76.67638
-47.67442
-66.29213
-70.00000
-80.06645
-80.05698
-80.70740
-175.19444
-111.90169
-67.42671
-29.93631
-13.04348
-41.89602
-38.83792
-72.97297
-71.60883
-20.45455
-68.96552
-65.25097
-63.81579
-66.03774
-81.13208
-60.85409
-79.23875
-66.54275
-57.62712
-76.97368
-72.22222
-79.59184
-82.39437
-69.11197
-76.97368
-81.68498
-82.57840
-67.50903
18.05556
-82.75862
-71.60883
-76.97368
-65.90909
-70.74468
-71.11913
-71.63121
-80.98859
-66.29213
-73.33333
-77.69517
-71.53025
-78.49462
-66.48045
-67.62590
-69.89967
-69.59459
-72.39264
-71.60883
-18.36735
-71.87500
-77.27273
-72.89157
-134.77341
-74.52229
-76.51007
-72.86822
-40.76655
-68.08511
-75.30864
-68.96552
-41.78082
-75.13812
-47.91667
-41.39194
-59.18367
-66.29213
-69.89967
-73.59736
-55.27157
-73.58491
-76.09562
-69.79866
-50.65789
-78.90295
-157.83216
-79.79798
-83.16498
-75.35211
-79.31034
-66.29213
-72.50859
-102.40317
-71.15385
-77.77778
-48.09689
-75.60976
-80.32787
-80.06645
-70.29703
-71.65992
-31.27148
-68.08511
-68.19788
-33.96226
-44.64945
-52.33191
-76.42500
-63.45342
-51.76690
-32.47588
-23.07692
13.87900
-39.62264
-35.58282
-56.22896
-27.08333
16.50485
-32.83582
-36.90852
-36.93694
-29.29293
-66.29213
-49.80695
-25.26690
-30.06993
-24.46043
-73.85621
-66.32997
-72.88136
-71.63121
-80.98859
-77.01149
-75.46012
-70.58824
-24.18773
-52.89855
-75.43860
-73.68421
57.89474
-76.47059
-80.45603
-28.81356
-23.91304
-70.87379
-71.51899
-70.69597
60.65574
-53.33333
-17.17791
-40.39735
-54.26829
-73.18008
-68.08511
-60.48632
-60.93750
-78.78788
-66.66667
-76.51007
-67.85714
22.80702
-32.69231
-56.83453
-79.16667
-82.14286
-21.98582
-42.24924
21.77122
-61.68582
-36.75889
-69.23077
-62.96296
-68.42105
-83.27759
-61.80556
-66.03774
52.48227
-73.77049
-70.39474
-73.83721
3.44828
-27.53623
11.51079
-74.07407
34.02062
-33.75394
-33.99340
24.06015
-59.24765
-68.96552
-71.06109
-73.98844
-72.50859
-78.19315
-75.52448
-78.33935
-77.04918
-39.29712
-66.03774
-19.09385
-72.04969
-65.40881
-72.76265
-66.44295
-75.86207
-75.86207
-74.54545
-84.61538
-67.10526
-69.07216
-77.63578
-76.19048
-63.56275
-83.05085
-71.69811
-78.33935
-75.77855
-69.69697
-78.64769
-75.60976
-75.43860
-10.59603
35.92233
-66.03774
-68.75000
-65.11628
-72.72727
-67.85714
-71.24601
-46.23656
-81.07256
-76.02740
-71.87500
-73.88060
-81.25000
-75.17730
-76.82119
-78.41727
-72.00000
-78.35498
-81.13208
-79.53216
-73.68421
-127.95897
-69.07216
-70.77922
-78.65854
-81.30841
-81.30841
-75.26502
-70.77922
-79.31034
-70.58824
-59.86622
-81.20301
-71.73145
-72.31834
-75.83082
-68.30986
-63.09963
-75.26502
-75.35211
-81.25000
-76.35135
-36.24161
-67.74194
-74.27653
-74.19355
-75.06925
-34.37500
-40.14085
-73.15556
-92.89730
-68.15287
-88.31922
-28.08219
-28.32765
21.95122
-12.80654
-57.59717
-6.75241
-150.11724
-23.63636
-29.57746
14.69534
-33.33333
-41.78082
35.28238
-6.66667
-72.04969
-48.45361
-37.29373
-86.11111
-65.25097
-51.55709
