-77.94118
-49.45848
-52.56917
-63.57616
-28.83895
-54.69256
-44.82759
-50.00000
-78.12500
-75.60976
-67.83626
-62.12121
-74.72924
-79.45205
-80.70740
-42.76094
-71.96262
-55.17241
-51.38889
-72.22222
4.72973
-52.38095
-56.66667
-12.28070
-61.16505
-37.30408
-77.41935
-43.70861
-75.69444
-39.28571
-37.93103
-43.89439
-42.17687
-51.67286
-34.10853
-75.35211
-72.50859
-2.09790
-54.71698
-24.46043
-34.70790
-42.47788
-73.97770
-81.81818
-79.66102
-48.80546
-58.80150
-59.18367
-72.04969
-40.76655
-27.92793
-72.89157
-80.89172
-24.18773
-70.69597
-32.88591
-45.55874
-54.83871
-60.22727
-64.15771
-71.73145
-15.03268
-44.05594
-54.24837
-26.42140
-3.78007
-56.81063
-59.51417
-35.22267
-10.11236
-37.72894
-51.67286
-71.63121
14.81481
-56.04396
-65.63574
-64.02878
-73.07692
-59.18367
-25.92593
15.01597
15.26480
-65.03497
-66.77741
-72.88136
-60.71429
-62.45734
-101.14111
-30.14706
48.78893
-47.55245
5.09554
-19.19192
-47.18310
-68.30986
-17.64706
-0.33223
-28.31541
2.80374
-49.68553
-60.99291
-12.21374
-143.42299
-2.17391
3.70370
15.25424
-25.28736
-19.75309
-139.49625
-23.52941
-73.88060
-0.39841
-3.34572
-45.39249
-31.54762
-28.31541
-64.96815
-42.95302
50.00000
-61.49576
-76.19048
-43.26241
-34.65909
-67.83626
-78.33935
-66.55518
-74.44089
-54.39739
-10.25641
30.71895
-6.89655
-73.05389
1.58730
16.78832
10.71429
-56.98925
-75.00000
-46.15385
-62.96296
-73.21429
-28.57143
-35.59322
-78.32817
-50.87719
-64.51613
-57.74648
-12.08791
-53.48837
-64.41281
-16.66667
-47.55245
-19.16168
-57.74648
-76.66667
-9.69900
-15.05792
-45.85987
28.61736
44.23077
-59.32203
-14.96599
-9.74729
20.91503
-144.62203
-44.88189
-36.02694
-36.39576
6.10932
4.65116
-51.67286
10.72664
27.86885
-44.37937
92.72727
55.73770
46.17940
27.73723
-46.42857
43.36918
-30.37975
-30.31359
-117.18108
131.93916
106.00858
12.31884
-7.74908
6.52921
67.22408
52.49267
-6.57439
17.05686
5.09554
12.31884
-13.31269
44.32990
15.78947
72.30769
63.12057
76.10063
59.57447
-32.47588
36.36364
39.07285
47.43590
58.67159
54.83871
126.61871
18.05556
14.55108
-0.99010
29.49640
-71.83099
31.14754
16.50485
54.41176
81.81818
21.95122
-52.86195
-50.00000
-39.71631
-2.43902
-23.07692
-64.60177
-55.01730
-31.37255
-65.77947
8.10811
-55.17241
29.12913
-28.82562
59.86395
-40.39735
-62.73292
-66.96697
-5.13834
-75.26502
-57.05521
14.00651
-62.32877
117.54386
-28.57143
-50.98039
-31.50685
-61.68582
-26.73993
-69.81132
-93.75000
-34.54545
-93.17143
-50.19157
-27.63158
-23.58804
17.64706
-27.08333
54.36242
55.55556
-119.98261
-32.69231
-19.35484
-14.28571
-39.79933
-38.22394
0.71942
-20.41522
-43.06050
-45.12195
-53.94737
7.26644
-41.97952
-45.57823
-10.34483
26.92308
-71.83099
-21.76871
28.47222
-4.60526
-33.55482
-77.26505
-34.06593
-37.50000
-95.84488
-55.71956
-63.21070
-13.49481
-63.93443
-12.58741
-68.05112
-28.33876
-54.70383
-44.05594
-75.17730
-68.25397
5.66038
-64.60177
-63.57616
-45.57823
-6.75241
-56.37584
-36.74699
-48.09689
-7.89474
-75.06925
-47.16981
-68.75000
-10.00000
-34.16928
-51.02041
-66.66667
-68.75000
-77.98742
-54.98392
-48.90511
-65.51724
-58.46645
-49.83278
-58.04196
-39.92933
-46.96970
-72.22222
-65.94427
-19.58042
-15.88785
-51.55709
-76.82119
-27.53623
-79.35103
-65.61605
-56.83453
-65.39792
-39.68254
-56.95364
-73.97770
-43.26241
-55.88235
-60.13289
-26.04502
-23.33333
-51.55709
-82.81787
-26.31579
-29.26045
-75.00000
-78.59327
-32.88591
-66.88742
-14.28571
-61.03896
-49.45848
-57.37705
-71.32616
-67.39130
-82.90000
-76.19048
-71.83099
-47.76119
-35.48387
-24.83660
-33.77483
-53.79538
-8.75912
-54.06360
-28.10458
-2.87770
-16.05839
-36.61972
-19.54023
-59.10781
-51.00865
-52.22930
-3.91459
-68.65204
-32.25806
-65.51724
-59.73154
-60.48632
-67.15328
-68.75000
-30.09119
-57.44681
-20.31873
-40.59406
-67.63754
-67.03297
-0.66225
-64.02878
14.75410
-19.01408
-64.70588
-14.39689
-68.08511
-5.08475
-63.69637
-26.75159
-24.24242
-16.14907
-26.19926
-66.44295
-41.39194
43.41085
-14.20118
-39.59732
-54.38596
-48.20717
-26.75159
