-32.35294
-33.59375
-53.94737
-30.72289
-43.57367
-59.73154
-66.99670
-43.46290
-68.94410
-44.62541
-80.62016
-51.14007
-67.10526
-54.54545
-60.00000
-72.56098
-80.00000
-48.01223
-50.49505
-52.70270
-66.29213
-44.62541
-26.17450
-70.19868
-40.74074
-67.32026
5.44218
-53.33333
-38.22394
-64.78873
-50.38168
-57.89474
-16.08392
-48.97959
-71.15385
21.52778
-50.31056
9.48905
-35.94306
-51.85185
103.31950
68.38488
-44.88189
-41.53846
-19.61415
13.20755
28.74251
15.15152
-31.45161
-15.25424
-17.26619
60.99071
85.45455
36.05442
15.25424
53.58362
4.76190
7.46269
83.39100
118.04511
-5.79710
71.71717
-36.02694
83.90805
22.03390
-18.42900
-18.91892
72.53521
-4.32099
56.13383
-26.68622
11.46497
31.20567
53.57143
22.74368
-13.79310
42.85714
150.00000
-29.53020
14.94253
-23.91304
67.28625
78.83212
-45.57823
25.87413
31.57895
35.80247
6.50888
58.73016
-7.28477
13.55311
-40.59406
28.81356
29.03226
3.33333
-7.84983
-18.60465
-47.71242
82.92683
17.44966
-36.80297
-57.89474
-48.05195
-41.71779
-16.34981
-77.77778
-61.26761
-50.19157
-73.77049
-42.96578
-73.97770
-41.58076
-67.85714
28.37838
-65.77947
-80.19802
-51.14007
-77.85978
-79.59184
-75.60976
-65.63574
-18.83117
-77.61194
-72.22222
-63.63636
-73.06397
-67.21311
-76.74419
-70.03745
-41.55844
-65.63574
4.02685
-64.96815
-97.31203
-123.41133
-138.90150
120.97378
-11.50442
-122.07483
-31.36316
43.76997
-70.47970
1.63934
-60.12270
-8.16327
-27.27273
-43.60902
-68.37945
80.81295
-33.99340
-65.25097
-36.36364
-59.73154
-24.65753
186.19529
45.69536
95.36424
-58.64662
-120.09863
36.98630
-20.36667
-28.82562
65.60510
38.61386
-59.18367
4.21374
173.72263
189.28571
202.96263
119.23077
166.05603
93.80868
50.50167
403.57143
244.59459
476.64234
226.66667
770.76923
257.93358
582.75862
150.00000
380.39216
12.14953
784.32836
252.37647
193.28622
400.00000
323.78049
251.35135
180.82192
321.92691
608.05369
421.34146
745.32374
699.19679
261.62362
860.47431
823.95437
346.66667
173.38129
413.98601
474.39446
366.87697
281.10749
608.33333
539.73064
232.32628
244.70990
349.68553
527.30627
528.35249
208.91720
170.54795
607.14286
466.17647
529.28349
352.96167
186.66667
298.30508
616.31206
640.87591
383.28267
390.50633
452.28758
464.57565
310.34483
492.83388
739.41606
564.40678
755.17241
704.12371
556.56566
557.34266
833.82353
754.09253
112.54355
18.95911
638.85350
734.61538
878.02198
567.80822
286.58147
550.84746
550.00000
657.35294
561.34185
654.65839
266.10169
797.43590
562.92135
797.81022
805.22876
563.43042
196.63609
361.53846
407.14286
531.57895
852.55474
565.50523
647.36842
313.42756
193.47826
863.36996
758.08581
364.88294
788.05970
779.31034
716.94915
850.17794
438.22630
754.60993
812.75168
783.56164
880.23715
888.88889
582.65683
441.13924
205.64784
770.30717
750.00000
697.04797
867.50903
762.59542
665.15152
754.30464
295.27027
565.60510
458.44156
427.86885
766.66667
738.95131
735.86626
604.67836
841.97952
721.86235
746.42857
583.07692
829.29293
823.63636
640.13158
325.74257
746.41638
787.75510
688.96104
824.46043
807.25806
911.10000
641.83007
700.00000
669.23077
787.82051
888.97059
623.60248
810.29900
858.01527
765.44343
799.62825
839.39394
854.86111
815.32258
805.13834
799.32886
805.84416
525.38700
608.60927
858.84774
816.10738
822.50923
575.00000
652.54237
800.92879
874.27653
790.32258
798.24561
800.30211
444.85050
766.44951
628.35821
396.37681
837.71626
618.75000
535.17915
580.12422
755.67010
841.37931
771.48594
454.17957
777.32342
715.06849
641.32492
726.92308
422.33677
764.86486
797.83282
354.54545
786.43533
259.43060
710.55901
766.44951
730.98592
674.64789
578.80795
686.44068
754.01460
678.16901
722.74247
821.82410
346.36678
633.76623
786.20690
562.68657
864.15771
448.89590
772.26277
875.69444
789.27336
685.25641
807.47331
724.32432
822.53521
869.81132
806.13718
716.25442
876.92308
559.93266
838.51133
570.54264
593.14079
871.32616
479.28803
351.61290
740.98940
852.38095
788.03089
811.24260
702.86738
862.40602
839.92933
656.18375
725.17483
645.92834
649.16388
339.02439
783.89513
837.28223
806.04027
409.55414
797.16312
743.00341
889.47368
767.54967
685.18519
815.70881
699.31973
365.03497
612.96296
474.46809
888.54962
833.11037
884.12698
340.00000
840.76655
418.24818
213.72549
867.85714
746.97509
860.84337
749.35897
716.32653
864.56693
318.77256
778.59425
830.61224
817.96875
840.07491
826.73993
827.75665
866.66667
719.72789
562.06897
802.09790
834.85342
557.62712
874.35897
580.27211
874.54545
724.61538
628.97196
867.74194
702.04778
728.28283
456.54762
810.76923
834.48276
586.46865
866.77741
817.21854
865.64885
813.97849
856.98925
644.75524
892.67399
839.50178
810.07194
729.43144
751.39319
772.79152
881.42415
850.17794
915.00000
864.16938
417.24138
760.90226
841.55844
535.76159
809.77444
821.05263
497.93814
865.51724
790.07092
876.19048
743.53741
838.62816
651.67785
818.60465
851.89003
589.65517
678.10651
882.57840
880.32787
792.08633
747.17608
838.35616
848.14815
855.64516
819.35484
846.23656
871.31148
699.28315
922.90000
713.50482
816.66667
736.66667
888.67925
527.69231
700.00000
845.65217
797.61092
818.72792
761.84211
774.10072
823.07692
874.27653
573.71601
322.53521
751.48515
804.94297
847.36842
413.79310
900.40000
779.62963
609.34256
511.30742
759.87261
394.84536
845.84838
840.97222
841.60584
477.85467
838.90675
803.22581
763.33333
895.91837
540.28777
366.43110
830.06993
643.42105
752.20126
604.96894
777.77778
486.20690
828.33876
860.13289
692.33227
659.25926
596.96970
830.81761
841.17647
517.74744
361.80556
863.21070
538.51351
540.86687
779.08497
629.32331
839.84962
872.31834
785.90604
872.78912
524.57338
757.56677
689.47368
893.22034
649.20635
813.19444
497.01493
761.84211
781.94444
824.52830
744.37086
788.17891
611.11111
748.92086
813.18328
796.19377
694.42509
719.78799
710.55901
807.12074
727.24252
474.01813
860.71429
849.82079
715.87302
836.17021
646.09375
820.52980
561.39241
665.07937
799.30556
613.43284
834.54545
717.85714
848.09689
751.73502
769.28105
660.27397
865.03497
743.45048
742.69663
658.16993
444.26230
488.75740
667.36111
805.79710
804.56432
853.30739
617.53247
707.82918
767.34694
842.76094
753.44828
824.59016
754.88959
729.43144
866.10169
870.80292
537.32394
787.71930
712.90323
663.69863
782.16561
835.71429
813.72549
742.85714
772.48322
488.05031
614.77663
736.01286
766.44951
824.09241
424.49568
761.01695
619.76401
784.61538
628.75817
456.27010
783.87097
520.56738
796.10390
477.04918
796.90722
749.49833
724.81752
695.03106
708.51064
748.05654
747.68212
922.60000
866.54275
841.81818
880.98859
775.47170
429.80132
673.93617
815.36050
806.36704
808.19672
782.91139
832.20339
902.90000
734.53237
622.41993
780.86643
707.92683
912.40000
793.53612
350.58140
681.95489
616.46341
695.52716
782.14286
832.92683
773.64621
878.94737
838.46154
596.29630
748.59155
805.72391
767.98680
749.11243
819.11765
772.41379
646.79487
819.46309
789.65517
586.79245
823.33333
773.72014
624.45820
823.07692
469.62025
663.75405
414.28571
799.35065
824.39863
828.57143
786.73139
743.94904
741.58416
632.48408
591.44981
834.78261
856.04396
445.45455
768.85246
832.83582
786.59794
861.53846
711.76471
514.64968
756.16438
836.56716
584.58781
621.68285
623.52941
544.68864
421.99413
752.23368
815.30945
472.67442
839.62264
719.44444
760.37736
610.19108
789.70588
892.27799
746.41638
716.32653
767.42424
530.00000
836.32959
314.79100
812.08791
376.70251
863.08725
666.23377
763.63636
776.28866
458.82353
822.53521
834.70790
839.39394
871.88755
784.89209
778.33828
862.68657
860.43165
692.64214
830.31359
733.94834
874.82014
570.96774
686.37771
732.79743
826.73993
806.57439
800.35587
857.29537
730.32491
807.69231
553.38645
846.84385
746.90554
776.25418
773.18841
836.84211
793.20388
779.19463
788.08664
541.44737
853.06859
797.68977
782.35294
773.18841
786.98630
804.43686
807.73810
819.25466
896.13900
607.69231
780.86643
747.17608
778.04878
681.45695
313.58025
762.87625
542.63323
832.33083
492.26190
650.00000
683.21678
200.00000
736.12040
862.40602
761.20996
770.03610
722.78481
814.81481
815.05792
512.54613
801.02389
847.19472
762.61981
824.39863
247.56098
426.50177
780.00000
770.05650
750.53381
689.47368
881.20301
861.08949
500.80645
832.09877
863.45515
382.53968
682.60870
783.45865
711.76471
810.25641
832.83582
800.68493
752.45902
758.58586
795.08197
764.86486
724.07407
777.97619
227.13755
392.26006
801.09890
793.44262
780.28169
745.91195
798.24561
671.26100
624.35897
809.09091
451.72414
572.18543
839.10256
771.38264
880.32787
562.16216
671.77177
771.62162
577.41935
387.09677
826.82927
762.61981
829.32862
719.44444
828.82562
789.32806
700.00000
819.11765
783.26848
804.10959
598.30508
706.34921
851.67286
483.06189
701.49813
306.72783
779.31034
784.84848
830.23256
844.22311
843.60902
414.28571
819.87179
840.74074
688.77888
837.71626
808.16327
337.69968
637.80488
799.62825
605.29801
763.77709
777.02265
884.37500
669.81132
371.38047
790.36545
649.28775
816.34981
491.76030
603.12500
822.79412
760.54422
879.66102
846.80851
670.96774
846.20253
481.16883
832.30769
708.77743
734.48276
621.83099
844.07895
574.05063
748.87460
813.72549
663.15789
506.25000
833.79791
812.33766
811.11111
552.94118
656.17284
507.54717
741.69884
847.36842
749.05660
325.24917
283.76384
498.76543
827.75665
659.25926
673.04965
861.53846
814.59075
464.35644
729.78723
474.01813
-24.03333
593.66197
849.32432
803.33333
833.53474
645.03311
687.78135
808.47458
401.73010
615.18987
851.21951
772.90970
813.49481
822.80702
829.62963
654.38596
835.38462
737.83784
523.65591
658.00712
611.11111
685.23490
799.32886
548.27586
793.10345
605.88235
676.07362
653.73134
687.09677
675.28090
578.92977
649.10394
735.76642
825.92593
831.65468
654.16667
551.72414
605.53936
746.68990
801.75439
777.32342
688.39590
845.94595
710.81081
556.82657
766.19718
363.33333
801.63934
325.53191
653.84615
679.41176
755.26316
794.54545
809.43396
713.62007
702.91971
673.29193
705.82524
618.03279
755.34591
767.64706
709.68858
820.00000
429.22078
759.92218
695.62044
388.88889
241.17647
758.26772
829.41176
464.01384
743.37349
810.25641
737.37024
813.97849
729.43144
623.07692
404.85437
815.44118
789.27336
756.23003
765.97938
731.08108
552.32975
710.48387
797.54098
765.45455
735.12545
742.30769
826.04502
709.88593
813.58025
797.95918
685.27607
804.76190
346.66667
709.33852
605.88235
524.57338
454.57227
826.53061
685.01629
328.57143
792.85714
704.27046
807.80142
588.35616
768.68687
616.78322
696.29630
860.71429
727.33813
550.68493
661.56584
565.52901
612.87129
771.42857
782.78388
800.35587
732.14286
732.78689
784.61538
441.04478
754.03727
718.77023
629.82456
599.05956
809.65732
810.65292
804.43686
740.42553
668.96552
596.86411
510.73826
713.14879
696.49123
611.30952
499.30314
488.41463
703.33333
553.61446
563.60856
724.17582
675.31646
767.08861
659.32203
741.91176
830.79585
822.82958
748.27586
584.93151
428.95753
801.96078
886.01399
751.06383
743.85382
860.65574
776.28866
696.66667
744.06780
454.09836
716.73307
796.69421
375.35211
861.80556
227.64505
660.56338
784.61538
791.69675
506.16438
754.78548
510.06289
788.48921
559.23567
719.67213
638.51590
910.70000
782.15488
797.95918
510.22364
671.15987
713.66460
820.28986
815.30945
738.50932
630.15873
893.00699
757.70751
584.38538
762.54296
853.48837
504.72973
550.84746
776.08069
785.81315
881.25000
768.85246
788.03089
757.14286
811.19691
677.39726
624.83221
449.38272
809.42029
816.34981
782.73616
607.42358
706.12245
820.73171
754.90196
698.58657
739.84375
362.09386
762.61981
803.57143
809.09091
797.52650
805.40541
461.33829
471.42857
806.13718
822.22222
789.65517
807.46269
828.82562
364.61538
73.46939
759.64912
691.17647
770.74830
848.27586
389.86486
701.61943
772.26277
684.09091
455.92105
900.50000
738.95131
810.78067
678.15700
702.12014
781.94444
676.02524
774.52471
832.38434
820.68966
783.21168
355.65749
727.58621
800.00000
407.64526
811.03203
838.84892
791.89189
584.39716
681.87919
792.25589
791.69675
771.32353
637.37374
287.50000
630.30303
668.72964
808.16327
720.83333
481.63265
413.69863
796.77419
695.52716
425.42373
836.24161
486.10272
810.78067
278.54890
680.06873
291.06145
377.56410
495.54140
384.14986
731.41762
792.19331
462.91391
825.17007
826.73993
500.00000
781.91882
682.31293
702.04778
810.34483
834.06593
750.31847
742.10526
720.33898
468.45238
549.05660
425.64103
742.29391
350.00000
831.97279
542.63323
525.76687
566.66667
688.73239
723.92027
845.01718
835.84906
797.16312
444.89164
830.31359
464.81481
728.38284
793.47079
820.52980
783.72093
801.63934
851.04895
750.39370
288.27839
583.00654
383.87097
446.92557
737.63838
797.26027
732.11679
781.75676
766.90647
682.99120
188.59060
644.10774
870.58824
650.88968
724.74227
843.85965
774.01575
657.35294
764.58333
467.37589
740.00000
781.02894
465.91640
813.35740
265.18771
574.49664
722.58065
669.78417
772.09302
537.93103
806.01504
329.04290
700.71174
478.12500
456.70103
634.31734
735.66434
772.09302
711.80812
429.22078
817.85714
734.41558
892.83154
488.85017
714.46541
740.74074
781.94444
750.93168
743.63636
732.11679
690.20979
708.51064
751.97368
344.05594
738.92617
813.49481
806.14887
788.42975
820.28986
790.56604
345.48287
797.16312
748.37545
694.30380
776.28866
802.98507
441.13924
587.09677
791.30435
382.42812
724.13793
804.91803
804.32099
641.93548
420.29520
609.87654
757.63889
801.84049
816.66667
616.46341
607.23684
830.14706
770.74830
745.65916
710.63123
792.00000
692.64214
801.75439
791.47287
798.87640
535.73883
765.16854
764.58333
803.44828
709.52381
848.09689
750.17422
729.26829
709.94152
728.66044
809.09091
635.66879
775.88652
828.05755
724.81752
772.65918
765.38462
764.76868
446.82779
670.99237
398.19495
550.64103
527.69231
752.39852
690.76923
776.92308
816.37631
545.90164
545.69536
99.79619
422.87582
820.96220
831.55894
800.99010
448.78049
827.41935
700.75188
580.91168
785.05747
778.89273
787.78878
787.32394
879.66102
781.04089
871.53025
763.94558
407.78816
757.14286
725.65789
685.71429
667.08075
731.28834
559.86395
438.94081
398.25784
757.14286
846.42857
390.25974
753.03514
798.64865
679.41176
804.41176
745.28302
525.00000
791.80328
859.01639
695.18072
742.29391
818.14947
661.09215
873.58491
786.46288
749.35897
777.62238
690.44118
831.89964
479.61783
733.93502
689.09091
744.52297
504.36137
694.70199
820.73171
739.16084
658.84244
732.00000
760.55777
645.81940
691.94631
721.78218
793.47079
732.77592
739.72125
803.57143
681.75896
826.19926
831.89964
777.07641
802.17391
809.09091
693.47826
858.95522
735.08772
727.71536
746.64537
761.63522
768.24324
793.77289
602.70270
851.04895
807.14286
765.20376
685.27607
667.36111
710.71429
785.41667
783.56164
779.56204
663.25088
783.16151
685.23490
784.86842
378.13411
707.22892
532.86713
630.10381
650.83056
682.75862
528.57143
598.96194
414.70588
753.74150
742.59259
743.75000
736.50190
700.00000
753.14685
454.14013
723.74101
417.60563
808.47458
340.99379
726.08696
811.97183
832.25806
754.78548
506.49819
751.85185
815.78947
581.28655
709.33852
777.55102
695.73171
770.86093
740.42553
751.48515
741.37931
554.48505
834.78261
684.45230
423.97260
733.33333
655.77558
396.93252
658.62069
747.82609
757.62712
736.36364
379.31034
780.39867
788.48921
746.64537
717.85714
705.47112
715.88448
498.68421
795.97315
592.30769
719.11263
663.44086
759.20578
480.54711
699.28315
657.76398
749.46237
-25.00000
384.07643
523.00319
497.26962
740.90909
731.32530
703.12500
807.74908
535.13514
495.89041
774.57627
789.67972
764.30678
787.32394
806.71642
213.29114
759.84848
429.41176
784.61538
835.81081
784.89209
64.98571
704.12371
516.66667
814.19142
726.56827
343.14869
647.40484
450.16181
727.69231
245.91195
719.39799
493.75000
804.05904
714.93506
433.11258
607.11297
723.77049
683.43949
559.72222
712.73408
717.49049
655.70033
565.35433
622.22222
822.48062
740.83045
756.61765
729.93197
804.76190
627.58621
470.34221
652.35110
775.42088
798.73418
745.28302
575.27675
748.70849
849.82079
790.41096
845.45455
839.10256
669.49153
642.75362
611.53846
665.38462
639.28571
769.41581
769.09091
602.70270
693.81443
718.49315
563.26531
697.34219
729.78723
565.66265
779.66805
507.97342
311.07872
501.44928
726.36656
650.00000
693.35793
654.96689
368.35443
624.48980
839.39394
712.50000
680.91873
772.05387
673.97260
553.96825
770.50360
490.90909
601.06762
820.00000
682.74760
726.71480
677.57170
834.30657
721.01167
525.00000
790.10989
747.90875
829.07801
840.55944
755.70470
690.47619
461.64384
802.87770
616.76301
808.78378
682.60870
771.38264
795.62290
858.33333
885.81560
635.66879
547.27273
444.06130
285.96491
797.26027
830.31359
491.59159
674.08638
810.29900
708.98876
390.06623
731.16883
428.36879
652.54237
718.84058
3.73763
869.34866
720.42254
749.35897
702.12014
594.18960
831.29771
830.69307
634.98233
497.70115
720.51282
767.42424
497.90210
814.17910
642.94671
761.11111
835.59322
780.70175
730.98592
694.30380
791.05058
840.71146
864.66431
748.48485
845.57823
692.16867
689.09091
806.36704
724.56140
783.56164
816.34981
743.75000
738.12950
560.89965
518.01242
557.73810
682.47734
727.58621
814.59075
823.84106
713.18681
558.45070
537.22397
649.09091
758.04416
632.20339
521.45110
739.41606
656.49351
690.44118
830.65693
795.62290
795.10490
421.59468
813.43284
821.98582
788.50174
689.64401
739.86928
660.65574
541.26984
819.84733
475.47170
508.56269
642.04947
506.77966
422.18430
613.33333
829.03226
744.52297
766.89420
-7.63333
792.36111
348.27586
631.39159
267.21311
756.63082
406.71141
432.50774
533.98693
546.86469
712.08054
427.77778
717.24138
600.00000
863.57616
372.13115
852.72727
808.75912
720.14388
720.26144
640.31008
764.23841
487.24832
501.85185
799.02280
664.47876
769.88848
803.11419
714.81481
533.63363
780.00000
800.00000
836.70886
654.20875
681.45695
729.19255
671.87500
715.97222
601.75439
781.02894
702.28137
718.18182
772.72727
644.82759
750.57471
857.23684
844.44444
803.97351
663.88889
557.24382
569.59064
610.88435
678.50163
817.85714
802.02703
719.35484
712.73408
574.15730
824.18773
728.57143
511.29568
712.74900
411.62791
747.22222
811.03203
542.85714
482.37548
735.08772
645.64460
507.24234
602.70270
827.63158
770.96774
879.23875
480.24691
755.07246
808.73016
642.67101
794.36620
758.65724
842.56757
514.19753
617.24138
430.74434
790.10989
474.46809
767.54967
466.22517
790.45936
353.21637
414.08451
719.01840
570.21277
781.88976
368.02326
721.78218
736.23693
622.62774
682.45614
687.98587
640.61433
748.00000
744.52297
761.29032
563.74269
759.53177
743.53741
739.04110
740.90909
802.98507
775.00000
695.69892
742.10526
821.42857
564.35986
864.02878
404.88599
757.59494
466.90141
801.14068
537.40458
271.71053
708.08081
558.14696
733.33333
774.12587
766.22074
9.02256
795.10490
872.22222
660.68376
694.78827
770.55016
717.46032
577.74086
751.06383
507.71704
818.72792
836.17021
771.62162
382.20065
720.66869
794.36620
796.44013
704.63576
853.73665
567.75244
746.90554
447.52852
383.97436
710.71429
708.44156
801.27389
738.12950
751.35135
749.31507
576.36364
735.16484
608.18505
676.63230
796.15385
830.23256
752.40964
386.39456
813.97849
472.43816
705.44747
754.33071
716.86047
845.25547
601.03093
637.76224
712.27437
777.07641
701.98020
738.38384
780.25890
496.29630
675.66540
594.15808
716.66667
207.97101
701.82927
741.05960
856.98925
719.14894
691.17647
665.95745
765.05190
812.89199
830.92105
501.42349
227.43363
292.61745
853.12500
514.42006
732.25806
623.48485
469.89247
617.60797
852.70270
759.64912
368.22742
595.65217
712.10191
607.40741
791.89189
444.77612
822.29730
493.63958
750.18727
589.41980
782.81250
685.21127
791.17647
751.44928
646.37681
703.68098
751.97368
682.00692
509.31900
813.20755
759.58904
750.64935
444.82759
761.00386
608.05369
780.95238
797.16312
704.51128
848.71795
513.49693
613.43284
777.25632
535.51402
536.94268
660.71429
683.69906
812.40876
791.44737
760.21505
652.54237
766.04361
533.05322
732.72727
817.26619
527.83172
769.41581
590.39146
746.15385
562.53870
588.13559
558.38509
823.95437
771.21212
285.71429
705.86081
320.87542
848.81890
413.51351
390.19608
700.00000
810.95890
548.46416
387.63251
754.09253
820.26578
503.50877
859.67742
881.61765
189.47368
544.29530
778.28947
663.75405
372.57384
720.43344
441.66667
278.37838
859.70696
792.08633
707.40741
809.09091
439.62264
773.23944
479.57958
283.17757
614.28571
606.62461
725.65789
684.81013
762.87625
799.62825
760.29412
800.33223
740.23669
761.31387
813.49481
634.26573
503.89610
840.95941
792.12828
724.37276
799.65398
775.00000
730.76923
782.56228
623.80952
825.08143
732.74021
680.32787
823.34495
523.10030
789.67972
610.00000
781.48148
658.27815
739.84375
655.31915
674.07407
723.33333
755.63380
811.26280
771.52778
820.00000
784.61538
856.81063
646.13003
684.17266
787.75510
552.17391
747.51773
417.64706
802.02703
798.18182
57.76510
685.15625
848.14815
592.30769
16.30000
457.09343
760.37736
835.15358
810.00000
719.14894
878.87324
736.23693
726.56827
737.93103
745.89041
816.66667
772.85223
760.31746
778.78788
681.81818
859.32203
766.22074
575.58528
753.33333
633.09609
827.83505
785.88589
545.06173
745.91195
757.60518
716.60900
657.86164
873.59736
442.20779
740.98940
733.91003
837.29373
810.07194
723.32155
495.07042
667.85714
884.84848
847.18310
833.33333
711.38790
648.25175
825.42373
772.90970
780.95238
484.77509
795.97315
632.85199
795.52239
630.33708
670.90909
607.14286
694.11765
714.03509
739.08046
693.33333
821.98582
683.69906
721.42857
551.31579
641.83976
809.37500
708.87372
497.14286
788.03089
795.52239
678.84615
713.14879
784.75836
406.66667
318.30065
793.47079
655.68182
809.09091
775.44484
825.08143
640.61433
560.58394
785.90604
378.72340
726.79739
690.99678
710.99656
778.54251
704.12371
723.32155
785.52189
732.78689
767.98680
804.76190
785.37549
544.44444
759.93485
736.43123
786.02941
743.97163
820.41522
745.32374
464.62585
841.78082
662.50000
792.72031
718.49315
839.59732
674.30556
492.45283
773.56322
745.58824
809.87124
777.88779
674.80916
649.20635
749.59350
702.86738
483.83234
169.23077
565.48043
433.10105
727.58621
494.24920
662.58993
651.77305
477.85467
747.58364
559.57447
751.40562
645.28302
781.61994
543.88489
523.05296
677.39726
771.62162
751.72414
764.28571
447.94521
690.94077
565.52901
603.58306
601.98675
843.85965
806.25000
711.25828
532.39875
681.14478
752.83019
241.85304
683.88278
558.14696
608.48708
542.85714
600.00000
406.53595
756.08856
386.57718
661.40351
179.33893
753.93258
789.67972
788.17891
528.24207
132.72727
491.50327
753.50318
560.25641
658.06452
686.29032
727.58621
828.85375
734.41558
754.96183
660.25237
429.76190
258.77863
735.05155
169.34985
430.74434
785.37549
673.85159
747.17608
720.00000
668.11594
680.76923
385.34202
603.83275
707.97101
438.46154
614.85944
684.17266
795.76547
712.50000
783.72093
597.27891
703.44828
507.01754
842.85714
664.88095
532.71605
392.11356
727.06767
581.15942
707.56014
748.48485
605.69620
777.77778
729.78723
654.44840
366.45367
715.28662
534.68635
728.89734
727.81457
771.42857
322.22222
282.63666
763.15789
715.60284
436.18421
599.64664
746.15385
586.93009
773.28767
621.37405
703.50877
750.00000
630.76923
274.21384
848.00000
745.87814
533.89831
785.30466
405.53506
685.96491
735.01684
710.21898
779.08497
675.64103
736.06557
806.04027
713.55932
798.69281
738.70968
761.38614
652.97619
734.67742
815.66265
313.68078
458.82353
700.00000
684.38662
584.74576
662.21498
280.32787
837.06294
820.79208
711.84669
583.58209
759.15493
845.31250
216.49832
335.26171
409.86842
401.49254
731.68317
464.93506
790.56604
578.08219
552.32975
859.40959
683.58209
366.66667
778.78788
627.27273
816.08392
815.78947
589.44099
831.89964
569.64286
754.36893
685.21127
653.33333
747.97297
360.31746
712.08054
666.55052
109.67742
663.75405
729.09091
751.06383
438.70968
611.47541
685.97786
733.33333
750.53381
731.37255
720.42254
694.11765
645.64460
492.83388
723.92027
660.00000
692.68293
731.12583
712.12121
703.44828
809.09091
821.70819
751.48515
687.09677
442.76316
681.75896
402.95858
797.05882
785.52189
793.28063
642.47492
800.00000
286.13861
704.34783
547.26027
665.10067
589.02439
800.33223
848.45361
653.04878
784.10596
781.11888
726.74772
760.46512
496.22642
813.04348
873.38403
845.25547
771.88612
631.78808
820.73171
710.28939
613.11475
559.79381
818.60465
383.58209
718.99110
470.39711
815.54054
756.64336
840.35088
690.00000
660.00000
784.75836
383.18043
770.96774
766.45963
512.64822
620.93023
806.13718
602.60223
623.21429
702.94118
827.63158
857.52896
536.67820
319.35484
811.86441
804.25532
818.21561
750.69444
864.28571
738.50932
846.15385
804.05904
865.15679
746.90554
553.06122
435.83618
722.28916
778.47222
695.13889
774.12587
512.67606
609.09091
729.18149
355.65749
855.39033
761.73633
809.77444
809.09091
842.12219
580.78176
784.16988
790.36545
784.61538
775.88652
568.76972
486.62614
867.27273
802.17391
653.70920
852.89855
765.57377
728.57143
453.26460
599.14040
739.34426
819.29825
781.75676
786.44689
803.34572
792.97659
572.72727
836.45485
409.31677
787.50000
453.39806
530.71895
766.22074
755.67010
714.28571
835.37415
804.60526
18.35806
678.18182
787.45981
723.33333
722.91667
432.56705
856.67870
690.44118
608.07453
688.92734
599.36709
793.61702
859.73154
809.42029
735.57047
823.35766
767.34694
619.35484
796.66667
797.43590
696.81275
723.71795
796.42857
510.16949
836.25498
695.18072
750.36496
806.25000
339.10256
762.90323
799.66555
464.84150
705.14706
624.01434
784.32836
876.00000
826.64093
840.98361
693.10345
614.28571
634.51327
326.33229
728.28283
798.69281
415.67059
732.11679
863.36996
662.23776
690.27356
697.10145
622.84644
526.58228
331.03448
553.71025
759.81308
741.72662
730.32491
706.56934
613.76812
815.82492
631.48148
844.63668
796.44013
709.83607
424.79339
623.40426
394.73684
731.57895
559.76331
877.94118
865.03497
647.12644
697.10145
816.66667
765.31987
800.00000
693.59431
439.28571
495.89041
765.94203
709.21053
440.26846
529.92126
407.73994
685.47855
679.17981
750.64935
808.77193
784.89209
744.20290
811.39241
617.68707
714.93506
785.52189
745.58824
851.21951
716.66667
443.33333
785.71429
354.81928
535.17915
683.78378
771.97232
364.17445
662.58993
799.28058
816.39871
785.30466
819.23077
456.36364
548.08362
763.63636
714.93506
777.25632
426.31579
627.82875
686.20690
849.82079
713.00813
572.61905
758.62069
420.44610
485.28428
728.82883
874.16974
693.54839
656.49351
767.74194
682.44275
798.24561
788.88889
641.13475
512.17949
697.94521
567.68293
863.45515
764.96350
783.39223
615.25424
743.63636
819.11765
834.30657
651.79856
743.64821
745.63758
721.30584
844.23792
684.67153
670.16129
785.99349
686.51685
627.57475
709.85915
792.15686
726.77165
646.37681
688.73239
333.46008
732.74021
784.47653
632.70440
826.17450
680.40541
460.40268
753.47985
678.52349
806.89655
741.32841
644.02730
706.08365
811.56463
726.08696
694.77612
184.77050
758.58586
705.97015
525.00000
754.47761
476.54723
781.75676
283.38658
816.98113
739.04110
774.53875
515.12027
710.71429
709.52381
705.55556
436.23188
777.62238
848.09689
718.50534
728.67133
703.65297
658.40979
807.21649
433.33333
782.12928
487.85942
418.03279
744.20290
688.46154
480.83832
621.01449
595.94595
702.72109
823.35766
698.07692
770.62937
708.44156
661.19403
716.84982
742.29391
758.15603
739.22830
263.97059
760.54422
623.77622
662.50000
572.41379
677.77778
813.46154
691.97080
866.03774
760.29412
509.42761
679.72028
589.32039
796.05735
770.37037
766.44951
595.92476
759.43775
762.19081
817.80822
728.46715
757.65125
755.07246
500.00000
878.26087
740.90909
621.31148
593.60269
450.68493
643.94464
711.32075
760.53412
616.37427
470.03257
689.65517
724.62687
721.96970
917.70000
721.78218
705.65371
760.06826
788.13559
506.61765
-24.47130
698.50746
709.06149
676.22378
262.53776
803.34572
287.00565
480.41958
819.19192
539.17526
494.40559
590.19608
712.08054
748.38710
758.82353
763.79928
693.31307
602.26537
537.72455
475.00000
808.74525
627.54491
856.52174
670.44025
405.01672
532.30241
601.92308
726.53061
611.86441
654.77707
783.39223
805.84416
665.47231
608.46395
672.72727
795.16129
368.75000
721.21212
750.39370
629.90354
618.26625
722.78481
754.36893
844.26230
520.55336
807.53425
803.78007
768.68687
777.96610
681.45695
740.13605
359.73154
732.77592
746.44195
834.48276
491.83673
534.92063
507.43802
584.81375
742.80936
760.84142
820.15209
770.00000
749.82935
724.10423
756.20915
734.67742
530.22508
693.22034
742.29391
560.64982
701.88679
792.59259
715.09434
768.85246
448.70130
616.12903
683.69906
597.45223
789.67972
686.78679
672.41379
528.97527
656.01375
825.23364
708.98876
761.29032
425.77320
421.03560
737.03704
772.90970
214.12104
750.74627
771.69811
607.00637
804.94297
732.78689
271.74721
406.99301
786.36364
635.59322
612.20930
779.00356
340.67797
859.11950
677.43902
762.67606
393.28859
664.91228
831.74061
719.14894
768.51211
659.14634
743.51145
690.12346
793.77289
386.06811
617.31449
782.94314
761.20996
770.22901
747.01493
746.15385
337.08609
743.07692
576.47059
571.55425
716.39344
699.33110
449.15254
471.42857
540.37855
508.02469
577.01863
694.01993
561.97183
517.64706
525.40717
712.28669
645.03311
723.10469
726.98962
712.72085
595.20548
759.43775
795.27027
574.82517
714.69649
632.28346
842.65233
653.28947
770.74830
558.38509
755.26316
643.94464
828.82562
635.97360
784.89209
748.99329
756.06061
734.50704
532.10702
704.71380
428.08989
759.42492
662.46334
758.69565
679.60526
799.66555
717.07317
584.98168
656.84932
640.62500
715.78947
633.09609
755.67010
428.98551
755.79937
809.09091
742.80936
548.14815
700.00000
647.36842
483.33333
767.79661
459.87055
400.00000
642.51497
676.69903
676.27119
865.81197
581.28655
727.69231
581.06312
438.73239
779.37743
542.14047
521.05263
841.63424
459.72696
743.06569
309.72222
726.25483
788.50174
700.68729
637.93103
718.18182
740.57971
-16.22828
764.51613
719.14894
640.85366
710.89744
660.13514
562.96296
632.63889
818.36735
723.17073
746.66667
337.50000
837.03704
811.47541
884.25197
787.37201
704.79452
833.09859
432.30769
704.71380
330.86817
693.59431
749.12281
318.00643
475.00000
803.44828
778.28947
577.30496
246.53465
680.21978
752.51799
527.11864
567.65579
528.47222
642.16028
671.87500
648.27586
732.23684
650.00000
803.22581
692.99363
654.44840
700.00000
866.66667
487.83784
721.08626
657.28155
527.58621
407.46269
386.01399
-57.22927
704.27046
633.54232
892.15686
650.00000
739.34426
552.77778
708.95522
709.52381
843.46290
763.11787
672.88136
716.60900
753.06122
749.52978
815.49296
759.93485
850.81967
657.66871
671.52318
770.86093
481.63265
771.38264
858.33333
778.67647
801.96078
856.67870
748.05654
702.28137
643.85965
733.92226
668.95307
806.01504
683.69906
385.80442
626.98413
798.02632
685.50725
821.70819
687.98587
671.98697
506.27178
667.74194
411.11111
812.69841
220.13201
595.34050
590.97222
679.72028
697.46835
428.23920
690.32258
768.79433
412.65823
730.18868
759.01639
786.20690
762.90323
497.22222
398.33887
563.46154
385.81560
566.66667
783.06452
430.30303
467.74194
16.43836
295.56962
452.55255
376.78019
703.36604
595.31250
647.54098
786.92580
608.18505
788.88889
476.08696
624.02597
780.86643
485.10638
727.86885
810.34483
800.32154
840.14085
757.14286
646.83544
510.16949
735.82090
722.95082
772.54902
773.75415
784.61538
844.85294
361.53846
628.43450
824.24242
822.17899
795.89905
690.78014
750.17422
737.54513
595.94595
592.55663
699.29577
601.34228
511.68385
631.62939
695.30201
693.10345
722.69504
767.98680
667.52768
770.17544
768.68687
827.79783
772.13115
713.72549
777.69784
716.94915
782.55034
373.33333
470.99698
820.26578
599.36709
763.33333
750.16287
720.22472
741.91176
816.66667
380.00000
776.71233
751.13269
810.00000
514.19753
496.77419
712.10191
536.02941
669.23077
674.85380
788.88889
741.50943
319.87179
761.11111
482.14286
654.51264
809.80392
448.38710
892.21790
838.62816
758.73606
632.67327
598.96194
693.10345
296.22642
377.06422
522.64151
776.76056
786.98630
491.60305
716.66667
189.80892
363.08725
750.17422
797.72727
553.49544
344.78528
616.66667
497.40260
555.91398
612.17712
495.74468
800.00000
463.33333
509.23077
798.18182
789.27336
738.92617
767.42424
758.58586
656.92308
666.32302
634.98233
667.67677
621.00313
800.00000
667.91809
780.59701
559.57447
726.74772
665.95745
696.36364
760.31746
821.93309
626.11465
754.67128
432.67974
820.79208
480.64516
803.44828
810.71429
499.29078
697.29730
431.98653
609.37500
690.00000
469.39502
785.71429
753.57143
650.78864
684.17266
651.87970
860.00000
465.97222
849.45848
783.21168
