-65.38462
-43.06050
-29.44785
-49.15254
-50.17794
-66.24473
-73.50993
4.37710
-75.43860
-25.92593
-60.00000
-20.86331
-64.85623
-50.61728
-57.09571
-27.00730
-68.64111
-2.25564
-36.84211
-37.74319
-32.07547
-38.98305
-73.42193
-11.53846
19.87382
-51.67286
29.77099
-16.37631
-36.50794
-51.21951
-32.65993
-38.18182
-48.33948
9.84848
-26.91030
-62.64368
-41.55844
-26.19926
-26.60550
17.44966
-71.24601
6.31229
-35.60606
-65.41787
-33.75394
28.37838
-18.64407
-19.61415
-39.28571
5.26316
74.72119
-12.16216
13.55311
-63.21070
-58.46645
19.29825
-49.45848
-52.21843
-0.92879
-23.07692
38.52814
-24.83660
-29.82456
30.57325
20.30075
-28.57143
13.82114
-157.38383
27.86885
11.49826
-51.38889
-6.47482
25.00000
-42.24924
13.40206
33.75796
25.92593
-27.89969
4.37710
48.01444
-81.07256
-16.95502
-12.62136
47.54098
-39.39394
42.85714
73.46939
-21.70819
9.67742
-41.89602
46.57980
5.10511
-9.69900
26.31579
5.44218
56.35179
45.90747
-37.50000
-60.00000
-9.72222
-81.87311
20.68966
-16.66667
64.75096
-69.38776
-10.71429
74.07407
89.18919
-29.82456
26.66667
110.52632
-10.00000
106.45161
146.37681
40.84507
62.86645
75.62724
3.09278
110.34483
36.84211
74.65753
22.86689
44.26230
110.03135
-16.94352
24.18301
67.21311
3.44828
60.83916
64.51613
-20.75472
33.12693
30.15873
18.05556
-19.29825
49.15254
47.90997
59.60912
147.14829
-26.82927
-21.50171
8.10811
-6.54206
51.63934
72.29730
-8.75912
71.32867
57.05128
35.88850
118.54305
-3.84615
53.33333
126.48084
-0.68493
116.12903
187.06625
75.00000
106.55738
32.57576
195.08197
-56.66667
32.89037
41.41414
33.10580
3.33333
50.17065
78.57143
16.83849
166.88103
79.10448
88.08777
-11.85410
322.92490
98.63014
336.00000
307.40741
-25.92593
325.00000
266.43836
178.44311
239.41606
241.29693
233.33333
405.53506
87.23404
259.13313
114.98371
261.70213
216.15120
238.92617
73.07692
325.80645
467.66917
114.28571
161.90476
276.34409
123.88060
99.26199
153.86997
25.82781
346.30872
393.05556
278.37838
358.47176
477.92208
489.55224
302.06186
294.64883
269.63696
462.09150
420.83333
302.68456
340.97222
232.33533
458.49057
207.97101
527.90698
332.43243
621.64948
329.57746
537.73585
390.84249
210.00000
216.71554
410.56338
210.14493
232.19178
376.19048
295.10490
14.36950
575.86207
-52.29362
327.18447
538.97764
725.65789
313.42756
775.48638
450.67568
765.51724
324.92013
326.41509
311.58537
484.83755
380.51948
538.43648
340.00000
553.71025
604.22535
236.39144
632.67327
311.76471
491.05431
436.33218
515.91696
469.39502
364.28571
519.33535
551.46580
278.37838
234.38486
502.69360
362.32877
860.14493
453.05466
512.54613
415.43210
728.99628
604.81928
498.54015
808.79479
626.23574
476.66667
416.44737
103.27869
722.95082
426.13240
359.38375
404.47761
705.14706
542.14047
811.76471
331.54762
791.69675
800.34364
721.67832
860.91205
554.92958
387.34177
529.03226
797.81022
558.38509
433.33333
839.06810
477.31959
402.63158
826.19926
831.03448
674.31907
880.91603
542.20183
375.88424
623.12704
468.02721
459.52381
704.87805
321.60279
663.51351
484.15842
747.97297
558.86288
865.39792
526.86567
765.97938
837.50000
558.82353
782.35294
828.78338
798.98990
887.95181
822.53521
830.92105
769.15888
770.50360
542.85714
271.52778
848.05195
813.62126
846.48829
362.68657
918.40000
825.53191
710.60606
850.16611
807.47331
282.71605
880.06645
660.56338
473.47670
700.66445
504.02685
674.64789
642.04947
857.89474
536.06557
914.10000
865.39792
830.06993
835.25180
562.33766
511.48649
878.26087
480.85809
580.55556
884.31373
823.95437
864.15771
811.67192
861.08949
858.46645
818.83117
861.29032
489.83051
839.50178
375.72816
816.36364
828.32765
813.04348
857.14286
864.41281
819.46309
370.94801
635.50725
782.97872
764.51613
865.90909
523.57414
847.76119
616.01208
916.80000
828.83895
880.70740
821.50171
793.61702
836.30573
542.85714
508.69565
567.89668
859.40959
534.53815
855.83596
727.47604
823.34495
431.35314
784.74576
567.73163
581.03448
881.01266
826.66667
901.90000
566.66667
814.08935
