-9.09091
-75.07788
-36.84211
-47.91667
-69.38776
-24.68619
-18.08874
-34.36293
-56.67870
-60.14493
-61.40351
-48.63014
-40.00000
-47.79116
-55.97484
-48.05195
-16.36364
-15.38462
-24.92492
-56.36364
-80.39216
-73.88060
-53.57143
-49.21875
-51.04895
6.52921
-9.09091
63.34661
29.13907
146.52778
-63.93443
-16.08392
12.31884
46.17940
179.66102
-12.05212
185.71429
177.77778
-10.06451
168.00000
198.96907
183.01887
30.58419
0.97720
216.20553
8.20896
70.81851
54.41176
440.14599
83.90805
12.54019
20.30075
317.58242
414.28571
88.74172
285.15901
224.15738
9.71787
216.29393
459.44056
251.91638
394.54545
480.64516
25.00000
123.92638
326.57343
202.01342
232.20339
247.97297
400.00000
246.00760
251.68196
205.64784
-8.74525
41.95584
193.91892
125.25597
698.65772
299.36102
153.90625
195.45455
245.27687
353.12500
725.27881
124.18879
153.73134
379.09968
111.92053
415.46392
343.33333
26.72414
384.27673
783.45865
216.45570
228.54334
559.57447
507.14286
782.15488
437.16216
676.97842
518.58974
462.66667
449.29577
293.93939
810.00000
813.38583
807.80142
840.06309
837.50000
803.65449
879.50820
790.97744
713.38028
446.07509
863.23529
631.48148
490.16393
858.90411
434.01361
657.46269
889.89899
881.94946
813.18328
506.66667
874.16974
670.27027
866.54275
734.41558
850.00000
890.00000
864.84375
896.50350
877.69517
842.65233
454.05405
444.21769
786.66667
444.87179
407.81250
244.05145
817.24138
841.17647
934.00000
506.06061
604.31894
841.17647
826.19926
883.10811
889.09091
834.06593
465.97222
885.07463
832.38434
573.65269
775.45788
479.12458
278.37838
732.69962
742.46575
807.06320
751.73502
861.66134
850.35461
849.64029
819.11765
752.40964
789.29889
881.54982
768.05556
832.38434
858.33333
789.93711
798.11321
537.22397
928.30000
810.00000
416.36364
628.07018
114.04682
685.96491
543.33333
824.83660
846.99647
844.44444
791.98606
581.68168
785.41667
814.17910
808.78378
885.71429
513.71841
681.34111
776.28866
789.28571
727.11864
703.21285
889.43662
773.28767
237.66234
852.38095
829.29293
630.49645
74.37722
888.92989
863.08725
862.19931
708.21918
818.64407
884.25197
707.69231
874.63768
442.94479
880.84291
863.69637
929.70000
862.40602
800.35587
860.71429
839.71631
500.00000
779.47883
867.27273
712.50000
886.84211
574.62687
832.88591
886.20690
838.77551
843.46290
798.60140
481.08108
566.66667
847.36842
796.79715
759.77860
568.94198
879.02098
846.99647
661.49425
809.77444
844.85294
613.76812
613.28671
524.56140
224.02235
778.57143
810.21672
723.89937
667.44186
709.81595
688.73239
589.85507
902.60000
852.20588
624.73868
820.26578
889.96656
840.97222
754.78548
850.75758
842.17687
845.20548
845.31250
794.73684
815.38462
739.72125
729.16667
830.55556
823.34495
526.71233
788.88889
813.85768
769.41581
717.58958
857.59717
851.31086
848.63014
816.66667
746.15385
810.34483
609.67742
714.69649
498.70550
589.78102
871.01449
860.52632
746.42857
808.19672
698.10726
794.73684
850.65789
759.58904
836.39576
839.92933
759.01639
744.72050
835.81081
710.90909
893.78882
642.47492
679.66102
401.54799
853.33333
885.76512
868.96552
846.96970
759.87261
854.24837
878.26087
796.79715
880.51948
416.89189
732.77592
881.61765
826.64093
777.41935
760.80586
736.87943
745.58824
700.00000
874.72924
800.33223
700.00000
795.42484
867.87149
896.52778
754.83871
822.03390
785.30466
861.26761
320.52980
847.76119
806.57439
739.04110
834.93151
863.76812
857.19844
801.75439
812.21374
865.11628
836.09023
465.08876
580.85106
356.02606
810.15625
804.21456
659.25926
570.84639
807.84983
764.11150
836.02694
816.66667
833.79791
612.02532
807.47331
893.00699
858.47751
809.37500
845.39249
766.04361
847.19472
851.61290
818.91892
563.26531
790.78498
860.65574
809.67742
886.11111
824.18773
810.15625
830.92105
893.12715
424.69136
842.02899
832.69231
444.71545
823.34495
811.11111
860.28881
846.61922
796.77419
792.98893
821.14695
635.59322
797.19626
832.88591
714.33225
809.38511
878.19315
842.12219
924.90000
339.86254
889.43662
871.73145
870.03745
880.32787
821.42857
893.65079
831.27148
763.63636
925.70000
683.60656
