-139.04682
-54.69256
-71.42857
-45.65217
-51.76849
-21.64179
27.94613
-4.59364
45.83333
-68.08511
-72.60274
-65.27778
-39.75904
-109.78710
-53.90071
54.12186
-65.98639
-135.17103
1.16732
-19.11765
-59.25926
-71.06109
-54.98392
-61.26761
-21.23288
-51.89003
-6.14887
-56.67870
-2.77778
-59.70696
-128.83745
27.94613
-117.70723
-146.42809
-71.87500
-22.82958
-18.56678
-52.99145
-78.49462
-68.65204
-53.02013
-39.39394
-39.92933
-134.77037
20.40134
29.69283
-6.13718
-58.49057
-145.63140
-18.21561
20.91503
-82.26950
-64.49704
-88.33333
-79.04192
-135.28571
-49.09091
-22.48062
-23.34495
-66.78967
-133.14545
23.74582
-35.15358
-23.07692
-27.63158
-88.03810
-46.70846
-71.32159
-43.06050
-30.92105
-105.88367
75.37313
-57.51634
-75.30864
-48.90511
-44.02985
-78.19315
-33.59375
-69.59459
-44.27245
-53.66795
-57.65472
-56.98925
-55.01730
-60.13289
-12.42938
-139.39459
-62.45734
-121.41792
-107.49892
-55.55556
-56.08108
96.00000
-55.08982
-36.50794
-47.79116
18.05556
-54.83083
-29.07801
-96.54648
-27.00730
-128.43333
-66.21622
-37.90850
-32.25806
-18.83117
-88.09866
-50.96066
-157.66109
-74.34962
-63.50365
-15.88785
-130.26360
-61.67247
-22.81879
-49.00850
-72.64438
-49.45848
-160.58571
-22.55892
-61.53846
-49.82079
-57.29537
-46.48829
-71.01449
-45.01718
-48.81890
-74.35897
-6.97674
-32.86219
-54.69256
-47.91667
12.90323
-14.82650
-25.00000
-37.93103
-27.53623
7.63889
-107.70747
-3.84615
-71.24601
-80.19802
-36.36364
-33.09859
-22.53521
-65.94427
-54.98392
-125.18596
-28.31541
-27.15232
-43.39623
-5.45455
-106.43443
-10.03460
-122.62896
25.00000
-10.39427
-19.02834
-27.83505
-72.45361
-42.42424
-19.29825
-61.53846
-50.17794
-74.85693
-69.69697
-35.59322
-80.70740
-21.56863
-59.50156
-20.41522
-33.09859
21.77122
-65.18987
12.67606
-49.45848
-24.34211
-75.17730
-30.61233
-66.21622
-37.72894
-47.01987
-58.47751
-26.28205
-54.06360
-47.85276
-57.23684
-44.64945
-145.53636
-46.48829
-12.05212
-20.26578
78.94737
-44.44444
-32.43243
-39.84962
-56.38629
-45.69441
-46.04317
-29.05405
-42.30769
0.00000
-57.69585
-62.99730
-52.70270
-107.41913
-45.33762
-51.12782
-41.17647
-29.29293
13.47518
-127.97419
-61.93772
-54.84211
-22.51538
-95.73130
-122.24872
101.55039
-29.07801
-53.02013
-88.23636
-70.93151
-118.00573
-70.96220
-64.46293
87.07483
-113.53333
-88.19868
-37.81274
-79.87143
-121.05302
-69.60486
-67.89647
-58.82792
19.65882
-28.57143
54.60526
-96.97216
-98.16195
-63.92045
-24.34211
-64.45276
23.28767
-73.31176
-56.67007
-61.05263
-58.68591
-86.85479
-62.11181
-72.72424
15.98507
-41.97952
-33.17037
-63.38276
-17.60300
-72.92414
-28.83895
-77.63453
-26.31579
-42.93889
-59.53333
-43.46290
-92.55455
-112.55358
-8.78378
10.26616
-92.66296
-76.41124
-37.69470
-61.87148
-31.50685
-77.03020
-18.91892
-18.28794
-73.76219
-97.64938
-23.34495
-30.06993
-35.38462
-112.32222
-51.14314
-57.53151
11.11111
-55.20307
-138.24872
-29.01235
-70.37059
-66.44295
-85.16320
-60.57348
-85.28387
7.66255
-60.37934
-67.28621
-51.98930
-47.67273
-37.65740
-53.35806
-72.13698
-62.30573
-25.37313
-46.99825
-55.93220
-16.66667
-53.57805
-80.03333
-71.98591
-71.88755
-109.55641
-12.89199
-74.61805
-48.16216
-49.52681
-57.73118
-52.32562
-41.77194
-66.72219
-69.02840
-60.64757
-33.33333
-56.12765
-71.03103
-114.10861
-70.98710
-13.43109
-122.37007
-65.87500
-66.73636
-58.14161
-63.11111
-54.84179
-44.28969
-50.68434
-83.39596
12.43650
-57.65342
-36.39576
-35.47183
-37.28223
-35.60606
-57.72562
-47.05263
-97.83288
-64.50790
-33.09859
-69.97516
-55.41935
-76.00794
-13.66906
-37.29373
-32.03883
-14.97976
-68.88387
-74.77551
-38.28874
3.20702
4.43038
-58.98621
-39.39394
-36.43834
-75.77160
-24.73118
-15.44118
-18.69281
5.03554
-66.50573
-45.35714
61.04286
-28.34891
-59.72105
24.21085
-28.80259
-47.61522
-59.01579
-28.08219
-71.25840
-76.75455
-56.37148
-33.73494
-51.19964
-18.33333
-9.21189
-48.97692
-48.15209
-65.30000
-54.83564
-48.63636
-61.57143
-56.82456
-55.67143
36.04952
-63.40794
-56.71304
0.05504
-53.35056
-53.51579
-59.49964
-55.78333
-58.47255
-43.86364
-59.55993
-54.23333
-57.51304
-52.53191
-68.69096
-44.96875
-63.25517
42.96216
-44.49323
-57.16043
-62.38462
11.59042
-49.60923
-62.16928
-50.45766
41.97050
-60.67483
-52.10000
-50.20923
-0.56721
-32.53383
35.17626
-61.98452
-61.45993
-58.37255
-61.26928
-49.79412
-54.91304
-63.62694
32.54346
-48.74179
-60.32102
-53.15634
-61.16928
19.31386
-61.57944
-65.61626
-62.58282
-57.10000
-64.60000
36.29474
-72.97944
27.74615
44.02953
-45.43383
-54.68621
19.33103
-78.29221
-58.14754
-48.25455
-18.23840
-57.69307
-60.99340
-45.06875
-57.41356
-51.81304
-52.20000
-54.28333
-60.64430
-53.92927
-68.37982
-63.17021
-52.77692
-63.35180
15.03488
22.89482
-57.96043
-57.89859
-49.32222
-61.59964
-48.75263
-60.22102
-63.07561
-53.29505
-60.64430
-70.12523
-56.86589
-55.55556
-51.43564
-55.67143
-12.90323
-55.67143
-49.60171
-31.97279
-59.84433
-72.43762
-51.51304
-58.91818
32.45033
-74.35132
-92.86154
-24.52830
-49.70923
-4.67595
-50.17692
-32.65993
-52.10000
-97.49896
17.66627
-49.60923
15.59962
-55.92765
-60.32102
-72.29537
-58.97279
-62.06897
-54.64479
-57.33256
-48.35263
-50.34754
-63.90852
-37.63383
-80.64511
-54.68621
-66.02025
37.82222
-53.81579
-45.06875
-64.44211
-59.76593
-1.17872
-58.37255
-37.98067
-65.08050
-55.78261
70.92932
-53.63118
-57.33256
-62.89744
-55.32765
17.95490
-41.19310
60.74286
-50.83636
-57.10000
-59.72102
-57.63191
-54.06360
-72.75413
-63.10224
-62.14052
36.99443
37.62785
-50.72268
-52.63191
-57.25873
36.83383
7.18297
-49.32410
-16.10000
-60.30735
-4.96667
-61.28591
-56.45634
-58.88333
-29.91111
-59.67588
-55.58621
-43.76667
-51.73793
-54.79783
7.39020
31.23763
2.92857
-50.20000
-63.17021
49.47407
-25.18235
-56.57746
-54.78621
-27.20000
-50.27992
-30.30303
-53.41356
-60.99340
-65.53529
-34.98452
-69.90000
-58.39505
-52.46589
-50.37692
-57.93448
-57.49293
-52.10000
-59.13883
-64.17483
-51.56043
-56.73020
-44.12391
-51.29022
-54.58333
-55.67143
-49.05263
-56.05766
-60.22102
-61.08387
-57.85394
-60.54430
-52.94502
-52.95634
-24.73118
-35.48947
-54.58621
21.94074
-49.13309
-15.53684
-61.87647
-45.53279
39.22203
-58.83020
-45.51045
-56.84052
-57.97148
-61.74052
53.26143
-58.19307
-60.07588
-54.43564
-55.08219
-91.22515
-58.27148
-60.96226
-55.67143
-50.19412
-52.87568
-95.28683
-57.01176
-62.12623
1.43796
-63.33333
10.00072
-51.73793
-74.68050
-57.50293
-49.24179
-66.27561
-47.43889
-55.78219
-42.54118
36.07447
-61.06226
-59.35806
-57.31359
-98.76102
65.34483
-32.14752
-61.35482
-69.82862
-57.35455
-60.05806
-26.98015
-63.00573
-48.93309
-45.92373
37.17705
-20.15209
-49.39199
-40.29435
-54.88519
-57.50850
-57.33256
-122.37708
-55.91356
-50.43309
-65.74433
-94.17730
-59.17343
-62.46494
3.65034
15.89962
-64.55031
-143.09459
-54.53623
29.82456
-55.08219
-33.79791
-70.09623
-41.05768
-66.09231
-46.23077
-57.46358
-62.28519
-6.60174
-60.28427
-50.81111
-51.28773
10.71429
-60.22102
-54.69274
-59.90735
-58.24754
-43.76667
-53.82927
-62.06494
-66.29394
-59.66982
-60.86589
-56.90000
-77.08333
-70.04052
-57.36358
27.48682
-62.68387
-60.74430
-7.98116
-38.08050
-0.75488
-62.57516
-58.63191
-56.68773
-51.01392
-31.81818
-56.32862
21.84074
-55.83226
-60.22830
-65.55589
-56.11304
53.01111
-72.99045
-59.38854
-60.75394
57.33594
-63.51356
-52.13660
-57.52456
-55.32765
-42.03309
-56.72862
-62.39732
-60.00735
-61.67021
7.44321
-26.84882
-57.12105
-58.81818
-56.81359
-55.82373
-41.17647
-63.17021
-42.38462
-62.73333
