-62.14511
-61.80556
-48.71795
-68.64111
-45.05495
-62.58503
-45.45455
-25.53191
-49.27536
-52.89855
-70.77922
5.88235
-25.26690
-52.55474
-36.50794
-71.51899
-63.35079
-35.59322
-44.02985
-56.38629
-33.75394
-57.69231
-48.63014
2.11268
-50.00000
-23.07692
41.73228
-7.14286
-76.58863
22.30216
-16.66667
9.96564
-64.40129
-37.70492
104.22535
-74.63768
-7.64331
-25.09363
-44.82759
-55.71956
-20.96220
-32.86219
-59.37500
-13.17365
-29.93631
-25.09363
114.28571
-13.73802
-69.17808
-3.33333
-79.66102
43.85965
-19.86063
-60.43165
-6.81004
-1.81818
-21.87500
-66.99670
-109.55468
73.75887
-39.39394
96.72131
94.13919
-17.60300
-37.90850
79.87805
-27.48092
2.99003
66.08997
8.02469
44.26230
135.05976
-46.23656
-75.94502
-24.39863
141.99288
120.82019
53.59477
62.36162
-17.26619
30.17751
-4.90798
1.97368
14.58333
-7.59076
119.42446
-11.50442
-11.43911
79.24528
27.84091
67.20257
24.59016
94.96855
31.57895
150.00000
-35.36122
16.78832
175.86207
268.61314
246.57040
11.88811
159.64912
-19.46309
-50.00000
150.92251
185.23490
260.00000
133.44948
147.38676
106.10687
55.47703
11.88811
41.84397
-23.95437
165.99327
-10.14493
9.03427
99.40476
260.92715
16.43836
198.80478
110.90909
72.53521
76.65615
175.30364
128.18792
187.53994
73.77049
206.85921
250.18051
122.22222
47.16981
93.77163
412.11073
466.17647
109.30233
131.57895
71.53285
306.66667
237.53943
277.35849
438.19444
293.72822
354.54545
71.08204
361.30031
244.82759
361.53846
464.78405
396.29630
202.08333
491.54930
353.37621
228.62191
367.85714
344.82759
39.25113
328.07018
630.76923
306.89655
383.33333
838.27160
568.75000
508.69565
201.28205
326.28205
576.19048
409.50570
346.73540
415.15152
419.73684
519.04762
781.29496
312.18638
643.94464
382.75862
127.42475
688.32117
349.12281
749.62406
775.42088
688.73239
238.65815
327.58621
896.07843
661.19403
264.26117
331.97279
588.88889
423.13167
632.25806
549.83165
530.87248
502.94118
910.00000
288.11189
564.25993
251.61290
745.89041
785.62092
383.98577
831.50685
799.32886
764.11150
838.98305
270.37037
776.58228
278.64078
869.38776
868.45426
449.48805
600.63694
831.55894
866.88742
342.77108
533.69963
803.57143
705.03145
802.62172
825.00000
852.55474
786.02941
771.88612
568.69301
518.55670
607.74648
870.77922
816.66667
532.65306
835.59322
659.07591
557.03971
785.52189
878.79859
621.25436
856.86275
862.96296
882.20641
870.00000
582.43243
675.00000
873.15436
313.79310
658.62069
896.04743
786.52482
350.90909
877.85978
867.35905
819.16168
896.52778
562.42038
896.40288
885.76512
625.40984
878.49462
805.88235
856.20438
611.47541
549.70060
604.91803
783.79205
586.13139
718.18182
641.83007
870.87379
924.60000
878.26087
420.68966
798.95470
822.79412
773.28767
789.58991
812.58741
881.41264
845.76271
792.85714
538.59649
511.98738
827.58621
750.00000
866.66667
442.37288
481.74905
829.82456
436.84211
868.42105
460.28369
699.31973
873.68421
840.94488
807.84983
415.95882
853.79538
874.72924
892.95775
837.08609
356.02606
348.16054
668.06084
811.18421
572.79412
896.65552
417.98561
781.72043
793.61702
778.04878
854.69256
719.78799
842.85714
896.36364
340.00000
795.47038
860.78431
308.69565
813.35740
811.24260
565.52901
840.39735
816.05839
387.54448
474.71264
728.85906
426.15385
837.70492
806.83230
673.38129
838.40580
617.77003
747.89644
452.90102
371.87500
809.09091
347.44745
787.04319
754.30464
751.13269
892.64706
790.41096
793.99293
886.15917
712.73408
722.36842
508.46561
830.79585
752.73973
605.29801
834.93151
392.42424
542.14047
760.60606
700.00000
625.90361
838.90675
787.75510
874.54545
807.74908
805.40541
829.13386
896.44128
686.98225
888.76404
903.70000
901.40000
748.10127
879.31034
874.27653
796.32107
871.32616
760.80586
818.49530
846.42857
820.12780
808.42491
427.13178
432.50774
798.73418
501.28617
351.38760
855.63140
672.87066
841.17647
484.19244
779.59866
834.85342
839.59732
774.58746
831.14754
576.56766
826.91030
877.61194
818.67470
821.76871
664.11960
720.51282
862.45734
876.19048
889.61938
854.39739
745.58824
708.82353
