-122.69254
-69.69697
-60.71429
-88.99597
-59.10781
-34.78261
-57.74648
-40.97222
-113.93810
-41.81818
-63.70968
-135.58344
-44.44444
-9.43396
-54.06360
-2.98507
-61.16505
-68.96552
-23.37165
-137.72174
-6.88259
-76.51007
-30.50193
-26.57343
-14.59075
-25.37313
-31.03448
-81.42415
-13.53383
-28.57143
-66.46341
-55.17241
-11.66078
-45.85987
3.94265
-39.92933
-40.98361
64.23358
-48.17073
-57.09571
25.00000
-16.98113
52.48227
-20.00000
-72.88136
-77.01149
-38.98305
-63.27684
-79.45205
-40.97222
-42.12219
-117.55000
-69.96997
-37.29373
-80.32787
-62.96296
-38.83792
5.26316
-76.82119
-28.14371
-124.64029
-69.49153
-72.41379
-54.09836
-13.49481
-54.24837
-27.67296
-25.19685
-20.26578
-113.40000
20.75472
-140.62302
-27.49245
-28.05755
-164.00922
-15.49296
-103.36331
-35.60606
-71.51899
-26.57343
-64.66431
-59.59596
-51.38889
-54.70383
-35.36122
-67.15328
-43.60902
-116.85643
-58.47751
-11.29032
-73.59736
-72.22222
-66.21622
-14.49814
-56.52174
17.08861
-110.65302
-37.26937
-43.39623
-117.31724
-50.17794
-124.22140
-79.52218
69.61131
-149.10000
-64.66431
-141.83433
-156.55342
-27.15232
-70.58824
-61.67247
-57.52896
-12.72727
-77.98742
-72.72727
-46.80851
-70.37037
-56.52174
-127.40729
-42.85714
-8.49673
-52.66272
16.60777
-65.63574
-136.77379
-60.65574
-26.57343
-44.44444
-48.97959
-117.79474
-63.36996
-147.11379
-132.29394
-43.70861
-64.53901
-2.43902
-127.40178
-70.90909
-18.91892
-108.98328
-129.98421
-14.75410
-62.68657
-49.45848
-55.71956
-61.29032
-65.51724
-73.97770
-46.09164
-42.94294
-78.49462
-69.23077
-76.58863
-108.82006
-143.40641
-77.69517
-34.10853
-65.75342
-29.53020
20.00000
-68.08511
-2.77778
-48.71795
-159.42012
-47.36842
51.07914
31.42857
-59.87654
-122.53098
-104.47653
-109.25897
-25.42373
-121.11266
-26.28205
-121.92264
-73.33333
-69.81132
-25.92593
-129.81935
-35.69565
-19.30836
-32.33083
-67.03297
-69.89967
-98.73165
-25.53191
-103.80625
-17.60300
-66.77741
-44.80519
-65.15679
-153.66087
-14.67577
-75.69444
-67.74194
-55.27157
-56.95364
0.34602
-37.93103
-36.24161
-16.66667
-66.21622
-51.61290
-69.81132
-56.39535
-74.91039
-44.90358
-39.68254
-49.20635
-62.40602
-57.29537
-64.56693
-80.13245
-66.03774
9.37500
-64.91228
-67.83626
-76.58863
-83.97436
-57.89474
-34.02778
-41.17647
-66.66667
-79.02098
-140.17379
-76.10922
-47.36842
-71.42857
-80.58252
-57.57576
-64.28571
-31.03448
-40.29851
0.34602
-79.16667
-81.88406
-73.68421
-64.41281
12.00000
-70.80292
-67.53247
-73.33333
-50.00000
-25.53191
-59.25926
-63.63636
-18.51852
-27.03863
-46.42857
-70.19868
-42.65233
64.83516
-161.93574
41.47910
-154.46667
-45.16129
-4.59364
-79.42387
-36.39576
-57.79221
3.67893
-36.39576
-64.63023
-63.76812
-121.67143
-109.64317
-36.39576
29.15129
-63.81579
-30.00000
-0.70922
-77.56410
-48.88179
-173.22229
-81.98198
-57.14286
-74.06216
-76.74419
-82.63889
-76.37795
-62.50000
-67.03297
-33.33333
-157.72193
-75.86207
-12.40876
-21.34831
-39.59732
-83.92283
-35.25180
-70.29703
-56.66667
-72.69625
-51.04895
-10.72587
-76.89769
-135.17778
10.26616
-45.65217
-80.45603
-45.94595
-8.49673
-64.15771
-23.87543
4.86891
-8.47458
-20.28986
-51.38889
-167.37778
-58.33333
-37.72894
-75.26502
-38.08050
-70.19868
-52.70270
-155.85771
-76.85455
-78.79859
-136.08431
-74.92163
-78.79859
-69.28328
-82.69896
-45.39249
-15.19435
-76.28458
-67.42671
-73.78277
-73.48485
-43.26241
-35.27508
-22.33010
-60.85409
-73.85621
-67.74194
-36.50794
-43.89439
-148.72924
-61.26761
-62.02532
-12.58741
-62.45734
-60.99291
-152.79122
-42.56757
-80.13245
-82.69896
-56.28415
-81.41264
-75.43860
-82.14286
-76.19048
-83.81877
-66.10169
-84.12698
-83.22148
-56.08108
-55.41401
-57.09571
-78.41727
-20.41522
-53.17726
-84.75610
-19.11765
-79.09408
-67.74194
-13.04348
-67.32026
-44.26230
-48.55305
-28.34891
-33.79791
-34.32836
-51.00865
87.07483
3.17460
-46.96970
-10.44776
-31.74061
-26.31579
-70.83333
-28.31541
-21.23288
-18.08874
-37.98450
-32.88591
-18.08874
-21.34831
-29.62963
-22.50923
-49.27536
-42.76094
-32.58427
-6.47482
64.06250
-44.85294
-38.56655
140.96386
-43.57367
-26.66667
-49.10180
4.24710
-32.33083
-43.89439
-76.93840
-39.59732
-24.65753
-15.85761
-21.16183
-26.19926
-23.87543
-50.53004
-15.44118
-25.32468
-70.19868
-28.32765
-73.15436
11.86441
-2.98507
140.60150
-37.06294
-31.14754
-33.33333
-38.70968
23.80952
-67.74194
-66.15385
-7.47331
-50.00000
-26.05634
-64.53901
-34.21053
-62.26415
-69.69697
9.92908
-34.78261
5.96026
52.10356
-31.40794
-25.32468
-29.53020
-45.39249
-41.55844
9.96564
94.07895
127.11864
-21.05263
54.39223
-48.33948
110.90909
-51.38889
-28.08219
50.94340
279.69925
96.18529
-41.36808
79.21147
215.78947
43.33333
-7.64331
-23.28767
-36.87708
-58.73016
359.45946
-26.25369
-58.99054
-42.37288
125.16556
108.60927
57.50916
26.76056
1.21457
40.22140
-119.26309
-40.29851
35.92233
439.92395
74.65753
-2.98507
174.30556
95.12195
-17.26619
-35.67251
240.74074
11.49826
-32.62411
72.69076
16.19718
41.17647
58.45070
68.31683
61.17216
161.99262
155.03356
-26.47059
164.36782
145.21073
182.14286
-49.68553
180.82192
-5.72391
-23.07692
143.72760
12.24490
46.71815
186.76471
-41.69096
32.89037
61.29032
86.37993
26.66667
340.27304
35.38462
5.76923
101.78042
13.47518
90.81272
213.29114
-55.71956
-67.62590
-32.47588
-2.87770
-63.69637
-22.77992
-64.66431
-11.47541
19.04762
68.10345
5.61056
-51.31086
91.41914
34.86842
-79.66102
75.28736
-40.74074
1.85185
-45.61934
25.00000
142.95775
176.45051
-10.25641
-30.59937
-77.63578
-43.95280
-16.66667
-74.72924
-67.42671
63.76307
-26.35659
-82.01439
-6.13718
-1.88679
-77.27273
9.27152
-32.69231
-48.27586
-55.32646
-50.15576
-53.07918
-82.63889
-7.47331
-83.16498
-60.52632
36.02941
-43.14381
63.93443
51.16279
-55.55556
-81.87311
-11.26280
-13.97849
-8.80503
-23.35766
-7.06320
71.10266
-43.18182
48.80952
-67.15328
45.83333
151.87970
79.81073
79.66102
50.00000
158.50340
196.81979
12.06897
73.77049
150.76453
219.85294
160.45016
94.96855
93.03797
164.21405
-30.23256
135.29412
41.34276
175.86207
32.57576
-55.88235
-45.25547
-25.42373
108.33333
-28.57143
-84.12698
-33.75394
-7.59076
-19.58042
-36.87708
-73.58491
-81.25000
-41.55844
33.58779
-61.93772
39.15858
-77.27273
-65.78947
-70.58824
-60.78431
-78.87324
-76.35135
8.39161
-82.08955
-77.98742
-79.38144
-53.12500
-74.52229
-82.87671
-77.18631
-81.41264
-86.25430
-73.07692
-83.27759
-80.70740
-80.70740
-73.94137
-77.27273
-57.14286
-79.66102
-77.77778
-77.56410
-79.02098
-74.60317
-58.49057
-66.91176
-52.56917
-47.73519
-55.71956
-29.62963
-46.12795
-62.54682
-71.73145
-53.84615
75.00000
21.21212
47.36842
237.25490
-23.56688
-3.65449
152.30769
105.32319
70.06803
165.82278
340.32922
17.28395
-23.95437
-13.35740
-34.78261
-23.91304
-27.33564
-16.05839
55.17241
14.28571
-1.88679
-37.08609
120.21661
-21.34831
97.02602
242.59259
-29.05405
165.51724
203.40557
222.14765
271.52778
-2.35690
99.36709
72.07792
72.04301
209.21053
138.09524
-28.31541
-34.85342
80.88737
-33.33333
48.02632
-21.98582
256.89046
140.80268
138.75433
148.25175
90.20173
-1.96078
-27.79783
17.26384
10.73826
102.53165
100.00000
-32.25806
31.68724
68.87417
-55.39033
-30.06993
18.70504
86.72199
132.08191
92.81046
73.61111
-56.04396
-58.46645
-66.32997
-87.13826
-32.62411
-82.51748
-32.07547
-75.43860
-49.82079
-79.86577
-83.16498
-26.05634
-45.20548
-13.66906
-65.51724
-71.22302
-47.54098
-64.28571
-77.44361
-81.20301
-59.86622
-35.11450
-19.46309
-79.93311
-83.33333
-82.26950
-67.10526
-81.81818
-50.57034
-41.97952
-54.39739
-56.25000
-25.26690
-57.29537
-59.37500
-36.50794
-33.77483
-37.26937
-54.71698
-70.47970
-83.16498
-82.57840
-83.05085
-84.89426
-83.44371
-83.05085
-84.61538
-82.75862
-82.39437
-80.69498
-84.25197
-82.81787
-39.50178
-59.59596
-52.00000
20.68966
-82.33216
-52.07668
-83.55263
-83.22148
-86.92810
-56.98925
-82.99320
-83.71336
-56.17530
-77.77778
-83.97436
-79.09408
-86.84211
-82.07885
-62.82528
-86.48649
-79.09408
-83.49835
-79.79798
-83.81877
-86.44068
-41.37931
-72.50859
-83.97436
-57.89474
-34.93151
-82.20641
-81.76292
-36.56716
-85.29412
-23.33333
-85.07463
-81.20301
-77.49196
-61.80556
-50.00000
-70.87379
-79.93311
-64.66431
-80.39216
-82.01439
-47.91667
-44.64945
-57.79221
-82.39437
