-53.73665
-79.82709
16.66667
-38.62816
-71.01449
-68.53147
-64.56693
-42.36311
-66.03774
-63.76812
-27.41935
-80.26316
-45.51282
-38.35616
-51.31086
-54.22535
-18.28794
-64.91228
-79.09408
-63.19018
-65.73209
-80.06645
-4.43686
-52.00000
-53.02013
-33.99340
-56.37584
-51.38889
-53.23741
-50.00000
-76.35135
-71.83099
-47.36842
-68.75000
17.18750
-66.76737
-34.25606
-36.10224
-65.63574
-60.39604
-42.52874
-76.43098
-13.62126
-55.22388
-66.66667
-16.94352
-45.39249
-82.99320
-41.58076
-40.25157
-40.76655
-5.22876
-56.36364
-52.38095
-74.72924
-47.71242
-27.83505
-9.72222
-48.90511
-50.53004
-31.81818
-56.37584
-53.27103
-26.91030
-4.76190
15.27378
35.41667
-49.66443
-54.88722
-34.86590
-62.83784
-64.66431
-39.84962
-4.59364
-18.56678
-4.60526
13.56467
-6.71642
-25.67568
-16.38796
-8.42491
13.28125
-31.97279
66.07774
-19.64286
-6.45161
19.04762
-49.80695
-65.64885
-21.42857
-8.79479
23.74582
-30.40293
42.36111
-46.04317
16.88312
80.18018
-13.04348
-53.02013
-40.00000
-17.72152
13.87900
-52.54237
-14.28571
-25.79505
10.32028
-73.15436
-28.81356
39.62264
-13.22314
53.84615
-20.41522
36.05442
-60.00000
2.11268
-7.21649
-12.33766
112.41830
-73.77049
-36.84211
-22.07792
52.98507
-28.30189
-64.63023
10.32028
59.23567
-69.38776
-75.43860
-41.35802
-133.82299
25.46125
-32.47588
15.25424
-76.27119
23.07692
60.65574
32.14286
-4.91803
29.25170
-3.84615
46.75768
105.47945
36.21262
-3.34572
75.25773
138.09524
-35.60606
-11.11111
94.80519
-5.40541
261.48649
9.43396
-38.83792
135.50725
-18.81919
105.03597
27.20848
62.06897
157.83972
94.44444
48.01444
3.89610
84.02778
-49.66443
37.80919
172.72727
43.85965
67.16418
63.19444
-64.05229
-72.22222
10.65574
-61.13074
10.72664
40.24390
-50.33113
-68.64111
14.40678
127.10623
-80.45603
216.40625
47.79874
93.22034
224.52830
28.74251
99.34641
-10.65292
218.18182
-0.00000
6.25000
-54.06360
95.43974
81.81818
83.67347
41.02564
-36.66667
-21.64179
28.71287
268.82129
36.18677
112.76596
142.71845
-79.86577
-13.58025
97.26027
84.61538
-77.04918
53.60502
-35.89744
-11.97183
89.44099
5.45455
-40.76655
244.08602
90.78947
183.33333
402.04082
45.63107
-36.66667
65.04854
43.76997
311.32075
46.66667
127.43682
177.77778
333.96226
-12.72727
112.76596
7.63889
101.38889
119.85816
351.26354
123.44322
28.28947
33.11688
233.33333
214.48763
-43.31095
370.03155
242.96029
319.11765
204.79452
146.32353
60.27875
114.02214
-6.89655
294.36620
56.13383
180.64516
444.85050
205.13595
209.27835
-21.76871
200.35336
179.74277
119.08127
215.96091
209.09091
174.72527
160.72607
343.63636
394.33962
144.14716
112.76596
236.95652
164.43769
435.15625
210.34483
246.38554
188.65979
294.49541
207.94702
207.22892
225.08834
293.38235
242.10526
97.49216
210.07752
123.93822
193.93939
-24.76489
348.97959
290.84507
-45.57823
481.39535
148.32215
321.87500
82.72425
32.93051
160.06192
0.34602
260.24845
286.98630
332.95019
174.07407
185.22337
438.46154
16.83849
-12.58741
105.98007
329.09091
204.96454
421.58273
-50.46440
333.56643
58.06452
61.29032
363.66782
227.33813
26.66667
-4.91803
-69.04025
396.47887
659.71731
132.48408
172.72727
46.41745
175.61837
19.87382
272.16828
121.85430
58.62069
602.92887
233.33333
470.42254
59.23567
147.31183
153.20513
542.38411
244.56929
693.77432
212.90323
190.42904
244.72050
62.16216
339.51613
549.48454
186.60436
161.76471
110.71429
266.66667
139.05724
192.85714
173.06273
140.92409
173.38129
408.41751
181.45695
241.46341
510.00000
53.84615
370.91413
345.61404
296.22642
10.11905
104.46097
99.30070
309.89399
109.30233
94.44444
-17.56272
288.46154
223.62460
185.28529
488.43537
191.22807
713.22957
605.26316
157.05329
414.56311
243.64261
205.84192
255.87189
-24.34211
310.44776
152.25225
78.83212
126.19048
312.18638
0.74627
245.67901
371.91011
33.56164
278.54890
207.69231
161.36364
33.85827
178.31715
635.39519
484.33735
281.11888
338.77551
253.59116
246.66667
186.66667
261.77474
330.10753
337.12575
238.76221
154.01929
