-72.02797
-16.66667
8.00000
-77.63578
-41.17647
-2.62172
-27.27273
-54.38596
-26.51757
-48.09689
-64.15771
-109.40492
-47.76119
-128.17931
-126.79340
-39.20973
-14.82650
-46.80851
-9.69900
-70.00000
-130.61613
25.00000
-79.45205
-72.88136
-46.61922
-64.28571
-3.01003
-13.58025
-79.16667
-14.28571
-109.36655
-131.23901
-40.39735
-35.60606
-21.38365
-36.02694
-125.12411
-62.38245
-65.51724
-75.70584
-56.99441
-37.68546
-52.07668
2.31023
-46.84385
-9.67742
-51.80723
-114.50819
14.03509
-55.08982
-96.75789
-40.14085
-37.30408
-39.39394
63.49810
-53.17726
-35.78519
-69.38776
-45.65217
10.32028
-54.83871
29.96390
-19.97823
-46.66667
-97.10000
41.73228
30.58419
43.85965
-64.74359
-42.65233
-31.67702
-49.47647
-70.14925
-60.85409
-73.68421
-19.70803
-44.62541
38.40830
-0.35587
-34.42623
-62.32877
38.36478
33.33333
102.79720
-66.10169
-17.56272
-20.86331
-147.88881
93.79845
54.36242
-80.05214
63.76307
26.76056
-20.00000
-85.22373
-117.06982
-99.26785
78.12500
-56.25000
-103.27367
50.47022
81.51815
130.76923
-129.84595
67.22408
2.89389
-40.59406
-103.26589
-20.57762
-24.34211
11.11111
-7.80142
-13.46154
-145.70438
-22.22222
-60.45587
-57.16764
-45.76271
-32.52903
-64.16938
-55.17241
-47.16981
-138.05263
-61.78344
-157.59835
-23.07692
-69.28328
-120.29505
-50.17794
-76.97368
-86.18785
-83.87097
-81.94946
-76.28458
-146.24769
-127.65714
-161.71818
-83.27759
-111.33935
-150.32098
-133.43098
-140.30000
-75.80645
-129.28881
-68.96552
-121.87654
-163.21913
-108.37849
-76.66667
-112.16667
-93.00701
-69.58175
-46.87500
-109.32528
-124.24502
-82.33216
-118.03206
-133.96645
-168.86577
-73.37278
-69.38776
-126.40701
-64.98054
-77.52809
-102.25385
-130.27671
-148.07297
-169.02415
-79.79798
-133.62597
-80.26316
-74.89540
-144.12556
-174.39437
-178.43515
-77.01149
-149.76431
-83.33333
-138.54475
-80.26316
-120.75370
-82.03593
-76.58863
-107.73745
-76.74419
-70.87379
-76.47059
-46.32768
-67.10526
-156.35205
-167.56667
-144.95255
-150.89967
-164.21935
-120.22119
-68.37945
-83.22148
-114.81579
-76.92308
-117.16207
-144.72982
-118.16397
-67.50903
-149.49048
-80.19802
-82.26950
-83.66013
-166.27643
-67.85714
-24.24242
-77.91798
-78.41727
-28.32765
-84.66258
-105.33074
-72.02797
-158.65182
-132.85211
-78.26087
-62.14511
-131.13003
-80.45603
-155.33593
-46.37224
-45.39249
-75.43860
-83.55263
-145.23278
-170.73067
-84.32602
-55.48961
-70.37037
-17.26619
-69.79866
-65.27778
-114.01978
-162.20986
-127.39048
-75.43860
-69.58175
-83.55263
-52.57692
-75.21522
-171.18742
-65.90909
-66.55518
-77.41935
19.87382
10.06289
-24.65753
35.41667
-74.89540
-73.68421
-8.42491
11.80124
-111.83887
-10.59603
11.51079
-14.75410
-3.84615
78.08219
-90.66148
3.67893
-20.86331
-25.37313
-28.57143
-66.29213
-56.83453
-46.99647
246.15385
73.75887
310.34483
-19.11765
-65.11628
-23.07692
82.09877
-26.75159
313.53383
186.17363
87.89809
38.80126
230.88235
254.94881
76.27119
214.93506
24.62006
26.48221
27.58621
60.00000
226.08696
-15.75092
12.58278
43.88489
149.05660
207.40741
94.44444
212.08054
301.43369
-53.17726
294.55782
177.07006
367.12803
-76.57692
314.54545
566.66667
468.56187
167.06231
46.85315
737.12121
435.58052
477.28707
382.64984
258.66261
394.73684
335.64356
227.33813
40.22140
72.41379
-72.80967
-3.44828
283.21168
-29.03226
206.81818
165.17572
256.91318
79.24528
412.91513
326.22951
223.71795
232.33533
108.33333
206.99088
326.22951
311.04294
448.38710
439.28571
495.81882
461.33829
670.37037
272.01365
574.91166
295.41547
468.26568
429.41176
-21.98582
181.64557
677.00348
673.72263
768.13187
300.64103
393.05556
425.25253
383.27138
233.33333
168.70748
555.17241
475.09158
828.31541
388.80597
88.05970
238.84298
613.14741
552.02703
723.94366
120.89552
337.72242
252.94118
310.07194
493.47181
810.34483
268.09816
369.59459
251.97368
197.94521
7.04225
283.33333
274.17219
301.33779
691.82156
528.86598
225.50336
807.33591
626.66667
849.09091
290.47619
781.91882
354.54545
827.79783
366.41791
765.45455
722.14765
398.46154
563.00366
242.34234
799.32886
258.73016
364.28571
797.23320
337.28814
392.64706
417.79935
255.40070
784.61538
505.73477
594.61078
236.50794
784.21053
157.42574
369.59459
218.49315
199.63899
788.08664
582.65683
295.97315
350.98039
806.45161
504.29448
550.60241
775.37994
260.59480
293.18885
727.11864
454.81728
366.21622
862.96296
400.00000
860.28881
743.64821
819.86063
267.21311
