-10.50584
-62.45734
-80.45603
-70.49180
-59.40959
-77.18631
-72.22222
-76.89769
-61.68582
-58.33333
-70.23810
-65.75342
-70.37037
-53.64238
-63.45515
-31.67702
-44.64945
14.18685
-55.88235
-65.77947
-43.66197
-27.41935
-7.12074
6.16438
45.98540
-43.52159
-61.42433
-36.32959
-15.09434
-15.75092
-52.55474
-10.99476
27.51678
-38.51133
-25.92593
12.21122
26.31579
85.45455
36.80782
17.43772
60.27875
22.38806
66.13419
83.52060
55.40541
65.41353
97.84173
93.14642
182.86853
135.91549
131.31673
143.16109
224.62687
77.04918
165.45455
215.11254
128.78229
231.03448
220.87227
250.15773
227.13755
341.07744
230.67729
225.39683
231.05802
170.37037
37.82051
141.48607
50.76923
192.92929
478.59532
475.86207
302.51572
265.94203
447.36842
818.14947
831.89964
781.57895
794.19795
744.29066
638.46154
409.80392
735.48387
675.97403
805.45455
872.44094
314.47368
424.59016
287.50000
426.31579
490.74733
330.00000
-3.91459
848.14815
460.55363
306.72783
494.93671
422.26721
837.50000
258.10811
